0.000006
-0.000000
-0.000204
0.000004
-0.000000
-0.000124
0.000006
-0.000000
-0.000204
0.000004
-0.000000
-0.000124
0.000004
-0.000000
-0.000118
0.000004
-0.000000
-0.000118
0.000004
-0.000000
-0.000121
0.000004
-0.000000
-0.000121
0.000004
-0.000000
-0.000124
0.000004
-0.000000
-0.000124
0.000004
-0.000000
-0.000130
0.000004
-0.000000
-0.000130
0.000004
-0.000000
-0.000141
0.000004
-0.000000
-0.000141
0.000005
-0.000000
-0.000151
0.000005
-0.000000
-0.000151
0.000005
-0.000000
-0.000157
0.000005
-0.000000
-0.000157
0.000005
-0.000000
-0.000160
0.000005
-0.000000
-0.000160
0.000005
-0.000000
-0.000163
0.000005
-0.000000
-0.000163
0.000005
-0.000000
-0.000170
0.000005
-0.000000
-0.000170
0.000005
-0.000000
-0.000181
0.000005
-0.000000
-0.000181
0.000005
-0.000000
-0.000190
0.000005
-0.000000
-0.000190
0.000004
-0.000000
-0.000194
0.000004
-0.000000
-0.000194
0.000002
-0.000000
-0.000194
0.000002
-0.000000
-0.000194
-0.000001
-0.000000
-0.000196
-0.000001
-0.000000
-0.000196
-0.000004
-0.000000
-0.000198
-0.000004
-0.000000
-0.000198
-0.000007
-0.000000
-0.000198
-0.000007
-0.000000
-0.000198
-0.000010
-0.000000
-0.000193
-0.000010
-0.000000
-0.000193
-0.000014
-0.000000
-0.000186
-0.000014
-0.000000
-0.000186
-0.000017
-0.000000
-0.000174
-0.000017
-0.000000
-0.000174
-0.000019
-0.000000
-0.000153
-0.000019
-0.000000
-0.000153
-0.000022
-0.000000
-0.000137
-0.000022
-0.000000
-0.000137
-0.000026
-0.000000
-0.000125
-0.000026
-0.000000
-0.000125
-0.000027
-0.000000
-0.000099
-0.000027
-0.000000
-0.000099
-0.000018
-0.000000
-0.000051
-0.000018
-0.000000
-0.000051
0.000019
0.000000
0.000021
0.000019
0.000000
0.000021
0.000117
0.000000
0.000075
0.000117
0.000000
0.000075
0.000220
-0.000000
0.000035
0.000220
-0.000000
0.000035
0.000009
-0.000000
-0.000312
0.000009
-0.000000
-0.000312
0.000010
-0.000000
-0.000325
0.000010
-0.000000
-0.000325
0.000009
-0.000000
-0.000292
0.000009
-0.000000
-0.000292
0.000006
-0.000000
-0.000212
0.000006
-0.000000
-0.000212
0.000002
-0.000000
-0.000083
0.000002
-0.000000
-0.000083
-0.000001
0.000000
0.000021
-0.000001
0.000000
0.000021
-0.000004
0.000000
0.000136
-0.000004
0.000000
0.000136
-0.000004
0.000000
0.000145
-0.000004
0.000000
0.000145
-0.000000
0.000000
0.000008
-0.000000
0.000000
0.000008
0.000002
-0.000000
-0.000062
0.000002
-0.000000
-0.000062
0.000002
-0.000000
-0.000051
0.000002
-0.000000
-0.000051
0.000002
-0.000000
-0.000053
0.000002
-0.000000
-0.000053
0.000002
-0.000000
-0.000080
0.000002
-0.000000
-0.000080
0.000004
-0.000000
-0.000117
0.000004
-0.000000
-0.000117
0.000005
-0.000000
-0.000160
0.000005
-0.000000
-0.000160
0.000003
-0.000000
-0.000086
0.000003
-0.000000
-0.000086
-0.000003
0.000000
0.000089
-0.000003
0.000000
0.000089
-0.000003
0.000000
0.000113
-0.000003
0.000000
0.000113
-0.000000
0.000000
0.000003
-0.000000
0.000000
0.000003
-0.000001
0.000000
0.000033
-0.000001
0.000000
0.000033
-0.000006
0.000000
0.000187
-0.000006
0.000000
0.000187
-0.000006
0.000000
0.000198
-0.000006
0.000000
0.000198
-0.000002
0.000000
0.000079
-0.000002
0.000000
0.000079
0.000000
-0.000000
-0.000010
0.000000
-0.000000
-0.000010
0.000002
-0.000000
-0.000051
0.000002
-0.000000
-0.000051
0.000002
-0.000000
-0.000061
0.000002
-0.000000
-0.000061
0.000003
-0.000000
-0.000091
0.000003
-0.000000
-0.000091
0.000007
-0.000000
-0.000229
0.000007
-0.000000
-0.000229
0.000012
-0.000000
-0.000407
0.000012
-0.000000
-0.000407
0.000012
-0.000000
-0.000403
0.000012
-0.000000
-0.000403
0.000009
-0.000000
-0.000294
0.000009
-0.000000
-0.000294
0.000010
-0.000000
-0.000333
0.000010
-0.000000
-0.000333
0.000013
-0.000000
-0.000449
0.000013
-0.000000
-0.000449
0.000013
-0.000000
-0.000417
0.000013
-0.000000
-0.000417
0.000009
-0.000000
-0.000292
0.000009
-0.000000
-0.000292
0.000007
-0.000000
-0.000225
0.000007
-0.000000
-0.000225
0.000006
-0.000000
-0.000191
0.000006
-0.000000
-0.000191
0.000004
-0.000000
-0.000139
0.000004
-0.000000
-0.000139
0.000002
-0.000000
-0.000066
0.000002
-0.000000
-0.000066
-0.000000
0.000000
0.000014
-0.000000
0.000000
0.000014
-0.000003
0.000000
0.000089
-0.000003
0.000000
0.000089
-0.000004
0.000000
0.000118
-0.000004
0.000000
0.000118
-0.000003
0.000000
0.000113
-0.000003
0.000000
0.000113
-0.000005
0.000000
0.000152
-0.000005
0.000000
0.000152
-0.000007
0.000000
0.000233
-0.000007
0.000000
0.000233
-0.000007
0.000000
0.000229
-0.000007
0.000000
0.000229
-0.000004
0.000000
0.000136
-0.000004
0.000000
0.000136
-0.000004
0.000000
0.000126
-0.000004
0.000000
0.000126
0.000005
0.000000
0.000200
0.000005
0.000000
0.000200
0.000191
-0.000000
-0.000033
0.000191
-0.000000
-0.000033
0.000070
-0.000000
-0.000028
0.000070
-0.000000
-0.000028
-0.000006
0.000000
0.000006
-0.000006
0.000000
0.000006
-0.000028
0.000000
0.000029
-0.000028
0.000000
0.000029
-0.000063
0.000000
0.000078
-0.000063
0.000000
0.000078
-0.000097
0.000000
0.000136
-0.000097
0.000000
0.000136
-0.000102
0.000000
0.000163
-0.000102
0.000000
0.000163
-0.000103
0.000000
0.000185
-0.000103
0.000000
0.000185
-0.000107
0.000000
0.000210
-0.000107
0.000000
0.000210
-0.000105
0.000000
0.000228
-0.000105
0.000000
0.000228
-0.000098
0.000000
0.000231
-0.000098
0.000000
0.000231
-0.000087
0.000000
0.000224
-0.000087
0.000000
0.000224
-0.000072
0.000000
0.000201
-0.000072
0.000000
0.000201
-0.000057
0.000000
0.000171
-0.000057
0.000000
0.000171
-0.000046
0.000000
0.000150
-0.000046
0.000000
0.000150
-0.000036
0.000000
0.000125
-0.000036
0.000000
0.000125
-0.000024
0.000000
0.000090
-0.000024
0.000000
0.000090
-0.000012
0.000000
0.000051
-0.000012
0.000000
0.000051
-0.000007
0.000000
0.000032
-0.000007
0.000000
0.000032
-0.000005
0.000000
0.000022
-0.000005
0.000000
0.000022
-0.000003
0.000000
0.000018
-0.000003
0.000000
0.000018
-0.000004
0.000000
0.000026
-0.000004
0.000000
0.000026
-0.000005
0.000000
0.000036
-0.000005
0.000000
0.000036
-0.000006
-0.000000
0.000050
-0.000006
-0.000000
0.000050
-0.000009
-0.000000
0.000087
-0.000009
-0.000000
0.000087
-0.000011
-0.000000
0.000133
-0.000011
-0.000000
0.000133
-0.000011
-0.000000
0.000153
-0.000011
-0.000000
0.000153
-0.000008
-0.000000
0.000163
-0.000008
-0.000000
0.000163
-0.000005
-0.000000
0.000157
-0.000005
-0.000000
0.000157
-0.000002
-0.000000
0.000158
-0.000002
-0.000000
0.000158
0.000001
-0.000000
0.000191
0.000001
-0.000000
0.000191
0.000005
-0.000000
0.000232
0.000005
-0.000000
0.000232
0.000010
-0.000000
0.000256
0.000010
-0.000000
0.000256
0.000012
-0.000000
0.000255
0.000012
-0.000000
0.000255
0.000013
-0.000000
0.000250
0.000013
-0.000000
0.000250
0.000013
-0.000000
0.000252
0.000013
-0.000000
0.000252
0.000009
-0.000000
0.000172
0.000009
-0.000000
0.000172
-0.000000
-0.000000
-0.000000
-0.000000
-0.000000
-0.000000
-0.000003
0.000000
-0.000065
-0.000003
0.000000
-0.000065
-0.000001
0.000000
-0.000018
-0.000001
0.000000
-0.000018
0.000007
-0.000000
0.000132
0.000007
-0.000000
0.000132
0.000018
-0.000000
0.000347
0.000018
-0.000000
0.000347
0.000026
-0.000000
0.000501
0.000026
-0.000000
0.000501
0.000037
-0.000000
0.000715
0.000037
-0.000000
0.000715
0.000043
-0.000000
0.000832
0.000043
-0.000000
0.000832
0.000035
-0.000000
0.000688
0.000035
-0.000000
0.000688
0.000029
-0.000000
0.000568
0.000029
-0.000000
0.000568
0.000033
-0.000000
0.000638
0.000033
-0.000000
0.000638
0.000030
-0.000000
0.000574
0.000030
-0.000000
0.000574
0.000013
-0.000000
0.000247
0.000013
-0.000000
0.000247
0.000001
-0.000000
0.000017
0.000001
-0.000000
0.000017
-0.000003
0.000000
-0.000052
-0.000003
0.000000
-0.000052
-0.000006
0.000000
-0.000113
-0.000006
0.000000
-0.000113
-0.000009
0.000000
-0.000176
-0.000009
0.000000
-0.000176
-0.000011
0.000000
-0.000216
-0.000011
0.000000
-0.000216
-0.000016
0.000000
-0.000307
-0.000016
0.000000
-0.000307
-0.000016
0.000000
-0.000319
-0.000016
0.000000
-0.000319
-0.000005
0.000000
-0.000102
-0.000005
0.000000
-0.000102
0.000005
-0.000000
0.000090
0.000005
-0.000000
0.000090
0.000004
-0.000000
0.000075
0.000004
-0.000000
0.000075
0.000003
-0.000000
0.000055
0.000003
-0.000000
0.000055
0.000012
-0.000000
0.000225
0.000012
-0.000000
0.000225
0.000019
-0.000000
0.000370
0.000019
-0.000000
0.000370
0.000018
-0.000000
0.000346
0.000018
-0.000000
0.000346
0.000015
-0.000000
0.000302
0.000015
-0.000000
0.000302
0.000016
-0.000000
0.000308
0.000016
-0.000000
0.000308
0.000013
-0.000000
0.000253
0.000013
-0.000000
0.000253
0.000008
-0.000000
0.000153
0.000008
-0.000000
0.000153
0.000005
-0.000000
0.000103
0.000005
-0.000000
0.000103
0.000001
-0.000000
0.000011
0.000001
-0.000000
0.000011
-0.000006
0.000000
-0.000117
-0.000006
0.000000
-0.000117
-0.000010
0.000000
-0.000202
-0.000010
0.000000
-0.000202
-0.000014
0.000000
-0.000282
-0.000014
0.000000
-0.000282
-0.000018
0.000000
-0.000354
-0.000018
0.000000
-0.000354
-0.000014
0.000000
-0.000276
-0.000014
0.000000
-0.000276
-0.000005
0.000000
-0.000104
-0.000005
0.000000
-0.000104
-0.000001
0.000000
-0.000014
-0.000001
0.000000
-0.000014
0.000006
-0.000000
0.000020
0.000006
-0.000000
0.000020
0.000012
0.000000
0.000208
0.000012
0.000000
0.000208
0.000009
0.000000
0.000144
0.000009
0.000000
0.000144
0.000006
0.000000
0.000104
0.000006
0.000000
0.000104
0.000006
0.000000
0.000103
0.000006
0.000000
0.000103
0.000006
0.000000
0.000095
0.000006
0.000000
0.000095
0.000004
0.000000
0.000068
0.000004
0.000000
0.000068
0.000002
0.000000
0.000032
0.000002
0.000000
0.000032
-0.000000
0.000000
-0.000002
-0.000000
0.000000
-0.000002
-0.000001
0.000000
-0.000024
-0.000001
0.000000
-0.000024
-0.000003
0.000000
-0.000043
-0.000003
0.000000
-0.000043
-0.000003
0.000000
-0.000054
-0.000003
0.000000
-0.000054
-0.000003
0.000000
-0.000055
-0.000003
0.000000
-0.000055
-0.000004
0.000000
-0.000060
-0.000004
0.000000
-0.000060
-0.000004
0.000000
-0.000069
-0.000004
0.000000
-0.000069
-0.000004
0.000000
-0.000069
-0.000004
0.000000
-0.000069
-0.000004
0.000000
-0.000059
-0.000004
0.000000
-0.000059
-0.000003
0.000000
-0.000046
-0.000003
0.000000
-0.000046
-0.000002
-0.000000
-0.000034
-0.000002
-0.000000
-0.000034
0.000006
0.000000
0.000007
0.000006
0.000000
0.000007
0.000008
-0.000000
0.000024
0.000008
-0.000000
0.000024
-0.000003
-0.000000
-0.000008
-0.000003
-0.000000
-0.000008
-0.000022
-0.000000
-0.000065
-0.000022
-0.000000
-0.000065
-0.000042
-0.000000
-0.000125
-0.000042
-0.000000
-0.000125
-0.000042
-0.000000
-0.000126
-0.000042
-0.000000
-0.000126
-0.000036
-0.000000
-0.000107
-0.000036
-0.000000
-0.000107
-0.000034
-0.000000
-0.000101
-0.000034
-0.000000
-0.000101
-0.000025
-0.000000
-0.000075
-0.000025
-0.000000
-0.000075
-0.000012
0.000000
-0.000036
-0.000012
0.000000
-0.000036
-0.000002
0.000000
-0.000006
-0.000002
0.000000
-0.000006
0.000001
-0.000000
0.000004
0.000001
-0.000000
0.000004
0.000002
-0.000000
0.000007
0.000002
-0.000000
0.000007
0.000005
-0.000000
0.000016
0.000005
-0.000000
0.000016
0.000008
-0.000000
0.000023
0.000008
-0.000000
0.000023
0.000009
-0.000000
0.000027
0.000009
-0.000000
0.000027
0.000009
-0.000000
0.000028
0.000009
-0.000000
0.000028
0.000010
-0.000000
0.000030
0.000010
-0.000000
0.000030
0.000013
-0.000000
0.000039
0.000013
-0.000000
0.000039
