0.000000
0.000002
0.000052
0.000000
0.000002
0.000044
0.000000
0.000002
0.000052
0.000000
0.000002
0.000044
0.000001
0.000002
0.000050
0.000001
0.000002
0.000050
0.000001
0.000002
0.000049
0.000001
0.000002
0.000049
0.000001
0.000002
0.000047
0.000001
0.000002
0.000047
0.000001
0.000001
0.000054
0.000001
0.000001
0.000054
0.000000
0.000001
0.000058
0.000000
0.000001
0.000058
-0.000001
0.000001
0.000051
-0.000001
0.000001
0.000051
-0.000001
0.000002
0.000041
-0.000001
0.000002
0.000041
-0.000000
0.000002
0.000036
-0.000000
0.000002
0.000036
-0.000000
0.000002
0.000047
-0.000000
0.000002
0.000047
0.000000
0.000002
0.000064
0.000000
0.000002
0.000064
-0.000001
0.000001
0.000066
-0.000001
0.000001
0.000066
-0.000002
0.000001
0.000050
-0.000002
0.000001
0.000050
-0.000001
0.000001
0.000035
-0.000001
0.000001
0.000035
-0.000000
0.000001
0.000033
-0.000000
0.000001
0.000033
0.000001
0.000001
0.000036
0.000001
0.000001
0.000036
0.000001
0.000001
0.000036
0.000001
0.000001
0.000036
0.000001
0.000001
0.000028
0.000001
0.000001
0.000028
0.000001
0.000001
0.000019
0.000001
0.000001
0.000019
0.000001
0.000001
0.000020
0.000001
0.000001
0.000020
0.000002
0.000001
0.000022
0.000002
0.000001
0.000022
0.000004
0.000001
0.000026
0.000004
0.000001
0.000026
0.000008
0.000001
0.000039
0.000008
0.000001
0.000039
0.000010
0.000001
0.000050
0.000010
0.000001
0.000050
0.000014
0.000002
0.000056
0.000014
0.000002
0.000056
0.000025
0.000005
0.000068
0.000025
0.000005
0.000068
0.000060
0.000008
0.000096
0.000060
0.000008
0.000096
0.000160
0.000009
0.000110
0.000160
0.000009
0.000110
0.000276
0.000004
0.000041
0.000276
0.000004
0.000041
-0.000000
0.000002
0.000062
-0.000000
0.000002
0.000062
-0.000001
0.000001
0.000056
-0.000001
0.000001
0.000056
-0.000000
0.000001
0.000042
-0.000000
0.000001
0.000042
-0.000001
0.000001
0.000046
-0.000001
0.000001
0.000046
-0.000001
0.000002
0.000071
-0.000001
0.000002
0.000071
-0.000001
0.000002
0.000079
-0.000001
0.000002
0.000079
-0.000001
0.000002
0.000063
-0.000001
0.000002
0.000063
-0.000000
0.000002
0.000052
-0.000000
0.000002
0.000052
0.000000
0.000002
0.000046
0.000000
0.000002
0.000046
0.000001
0.000002
0.000053
0.000001
0.000002
0.000053
0.000001
0.000003
0.000067
0.000001
0.000003
0.000067
0.000001
0.000004
0.000066
0.000001
0.000004
0.000066
0.000002
0.000005
0.000072
0.000002
0.000005
0.000072
0.000003
0.000008
0.000100
0.000003
0.000008
0.000100
0.000005
0.000010
0.000122
0.000005
0.000010
0.000122
0.000005
0.000010
0.000113
0.000005
0.000010
0.000113
0.000005
0.000010
0.000106
0.000005
0.000010
0.000106
0.000005
0.000012
0.000115
0.000005
0.000012
0.000115
0.000005
0.000013
0.000114
0.000005
0.000013
0.000114
0.000005
0.000013
0.000108
0.000005
0.000013
0.000108
0.000005
0.000014
0.000114
0.000005
0.000014
0.000114
0.000004
0.000013
0.000101
0.000004
0.000013
0.000101
0.000002
0.000009
0.000065
0.000002
0.000009
0.000065
0.000001
0.000009
0.000063
0.000001
0.000009
0.000063
0.000001
0.000013
0.000092
0.000001
0.000013
0.000092
-0.000000
0.000011
0.000078
-0.000000
0.000011
0.000078
-0.000001
0.000005
0.000035
-0.000001
0.000005
0.000035
-0.000002
0.000005
0.000034
-0.000002
0.000005
0.000034
-0.000003
0.000009
0.000057
-0.000003
0.000009
0.000057
-0.000004
0.000010
0.000061
-0.000004
0.000010
0.000061
-0.000005
0.000010
0.000064
-0.000005
0.000010
0.000064
-0.000006
0.000010
0.000064
-0.000006
0.000010
0.000064
-0.000005
0.000008
0.000049
-0.000005
0.000008
0.000049
-0.000009
0.000011
0.000073
-0.000009
0.000011
0.000073
-0.000014
0.000019
0.000132
-0.000014
0.000019
0.000132
-0.000015
0.000020
0.000140
-0.000015
0.000020
0.000140
-0.000014
0.000015
0.000113
-0.000014
0.000015
0.000113
-0.000019
0.000019
0.000152
-0.000019
0.000019
0.000152
-0.000027
0.000027
0.000238
-0.000027
0.000027
0.000238
-0.000031
0.000028
0.000273
-0.000031
0.000028
0.000273
-0.000031
0.000024
0.000271
-0.000031
0.000024
0.000271
-0.000032
0.000023
0.000303
-0.000032
0.000023
0.000303
-0.000036
0.000022
0.000353
-0.000036
0.000022
0.000353
-0.000036
0.000019
0.000394
-0.000036
0.000019
0.000394
-0.000038
0.000013
0.000431
-0.000038
0.000013
0.000431
-0.000025
0.000005
0.000432
-0.000025
0.000005
0.000432
-0.000015
0.000003
0.000378
-0.000015
0.000003
0.000378
-0.000013
0.000001
0.000341
-0.000013
0.000001
0.000341
0.000004
0.000001
0.000350
0.000004
0.000001
0.000350
0.000234
-0.000002
-0.000038
0.000234
-0.000002
-0.000038
0.000076
-0.000002
-0.000028
0.000076
-0.000002
-0.000028
-0.000046
0.000004
0.000042
-0.000046
0.000004
0.000042
-0.000122
0.000013
0.000124
-0.000122
0.000013
0.000124
-0.000160
0.000019
0.000192
-0.000160
0.000019
0.000192
-0.000165
0.000024
0.000235
-0.000165
0.000024
0.000235
-0.000161
0.000027
0.000257
-0.000161
0.000027
0.000257
-0.000161
0.000029
0.000285
-0.000161
0.000029
0.000285
-0.000159
0.000032
0.000320
-0.000159
0.000032
0.000320
-0.000151
0.000034
0.000328
-0.000151
0.000034
0.000328
-0.000140
0.000032
0.000326
-0.000140
0.000032
0.000326
-0.000124
0.000032
0.000327
-0.000124
0.000032
0.000327
-0.000116
0.000033
0.000325
-0.000116
0.000033
0.000325
-0.000112
0.000032
0.000336
-0.000112
0.000032
0.000336
-0.000102
0.000033
0.000346
-0.000102
0.000033
0.000346
-0.000094
0.000032
0.000334
-0.000094
0.000032
0.000334
-0.000085
0.000030
0.000325
-0.000085
0.000030
0.000325
-0.000075
0.000030
0.000329
-0.000075
0.000030
0.000329
-0.000072
0.000031
0.000331
-0.000072
0.000031
0.000331
-0.000067
0.000029
0.000332
-0.000067
0.000029
0.000332
-0.000056
0.000027
0.000323
-0.000056
0.000027
0.000323
-0.000049
0.000027
0.000310
-0.000049
0.000027
0.000310
-0.000044
0.000025
0.000310
-0.000044
0.000025
0.000310
-0.000037
0.000024
0.000310
-0.000037
0.000024
0.000310
-0.000030
0.000022
0.000293
-0.000030
0.000022
0.000293
-0.000023
0.000018
0.000270
-0.000023
0.000018
0.000270
-0.000016
0.000015
0.000254
-0.000016
0.000015
0.000254
-0.000010
0.000011
0.000233
-0.000010
0.000011
0.000233
-0.000006
0.000005
0.000179
-0.000006
0.000005
0.000179
-0.000003
-0.000002
0.000132
-0.000003
-0.000002
0.000132
-0.000010
-0.000004
0.000112
-0.000010
-0.000004
0.000112
-0.000021
-0.000001
0.000116
-0.000021
-0.000001
0.000116
-0.000026
0.000005
0.000154
-0.000026
0.000005
0.000154
-0.000036
0.000010
0.000190
-0.000036
0.000010
0.000190
-0.000046
0.000010
0.000220
-0.000046
0.000010
0.000220
-0.000059
0.000008
0.000267
-0.000059
0.000008
0.000267
-0.000075
0.000006
0.000342
-0.000075
0.000006
0.000342
-0.000064
0.000006
0.000426
-0.000064
0.000006
0.000426
-0.000041
0.000020
0.000444
-0.000041
0.000020
0.000444
-0.000050
0.000030
0.000408
-0.000050
0.000030
0.000408
-0.000070
0.000026
0.000425
-0.000070
0.000026
0.000425
-0.000073
0.000019
0.000467
-0.000073
0.000019
0.000467
-0.000076
0.000014
0.000490
-0.000076
0.000014
0.000490
-0.000073
0.000013
0.000511
-0.000073
0.000013
0.000511
-0.000068
0.000014
0.000538
-0.000068
0.000014
0.000538
-0.000064
0.000015
0.000591
-0.000064
0.000015
0.000591
-0.000060
0.000017
0.000662
-0.000060
0.000017
0.000662
-0.000047
0.000018
0.000703
-0.000047
0.000018
0.000703
-0.000031
0.000018
0.000705
-0.000031
0.000018
0.000705
-0.000014
0.000019
0.000726
-0.000014
0.000019
0.000726
-0.000001
0.000021
0.000784
-0.000001
0.000021
0.000784
0.000016
0.000023
0.000835
0.000016
0.000023
0.000835
0.000030
0.000023
0.000830
0.000030
0.000023
0.000830
0.000042
0.000022
0.000784
0.000042
0.000022
0.000784
0.000051
0.000022
0.000740
0.000051
0.000022
0.000740
0.000057
0.000022
0.000721
0.000057
0.000022
0.000721
0.000064
0.000022
0.000735
0.000064
0.000022
0.000735
0.000071
0.000023
0.000734
0.000071
0.000023
0.000734
0.000072
0.000021
0.000666
0.000072
0.000021
0.000666
0.000067
0.000019
0.000584
0.000067
0.000019
0.000584
0.000070
0.000019
0.000578
0.000070
0.000019
0.000578
0.000081
0.000020
0.000619
0.000081
0.000020
0.000619
0.000086
0.000021
0.000616
0.000086
0.000021
0.000616
0.000085
0.000019
0.000565
0.000085
0.000019
0.000565
0.000086
0.000017
0.000514
0.000086
0.000017
0.000514
0.000090
0.000016
0.000498
0.000090
0.000016
0.000498
0.000100
0.000016
0.000512
0.000100
0.000016
0.000512
0.000109
0.000016
0.000511
0.000109
0.000016
0.000511
0.000109
0.000015
0.000471
0.000109
0.000015
0.000471
0.000101
0.000013
0.000413
0.000101
0.000013
0.000413
0.000099
0.000012
0.000387
0.000099
0.000012
0.000387
0.000104
0.000012
0.000397
0.000104
0.000012
0.000397
0.000100
0.000012
0.000377
0.000100
0.000012
0.000377
0.000086
0.000017
0.000312
0.000086
0.000017
0.000312
0.000075
0.000026
0.000229
0.000075
0.000026
0.000229
0.000041
0.000026
0.000151
0.000041
0.000026
0.000151
0.000024
0.000029
0.000154
0.000024
0.000029
0.000154
0.000060
0.000041
0.000227
0.000060
0.000041
0.000227
0.000019
0.000002
0.000341
0.000019
0.000002
0.000341
0.000017
0.000002
0.000299
0.000017
0.000002
0.000299
0.000014
0.000002
0.000260
0.000014
0.000002
0.000260
0.000014
0.000002
0.000237
0.000014
0.000002
0.000237
0.000014
0.000003
0.000219
0.000014
0.000003
0.000219
0.000015
0.000008
0.000187
0.000015
0.000008
0.000187
0.000008
0.000011
0.000154
0.000008
0.000011
0.000154
0.000005
0.000009
0.000138
0.000005
0.000009
0.000138
0.000004
0.000006
0.000130
0.000004
0.000006
0.000130
0.000006
0.000004
0.000124
0.000006
0.000004
0.000124
0.000008
0.000004
0.000109
0.000008
0.000004
0.000109
0.000007
0.000003
0.000088
0.000007
0.000003
0.000088
0.000004
0.000003
0.000072
0.000004
0.000003
0.000072
0.000003
0.000002
0.000060
0.000003
0.000002
0.000060
0.000002
0.000002
0.000051
0.000002
0.000002
0.000051
0.000002
0.000002
0.000048
0.000002
0.000002
0.000048
0.000002
0.000002
0.000049
0.000002
0.000002
0.000049
0.000003
0.000001
0.000044
0.000003
0.000001
0.000044
-0.000003
0.000000
0.000009
-0.000003
0.000000
0.000009
0.000075
0.000035
0.000212
0.000075
0.000035
0.000212
0.000043
0.000017
0.000120
0.000043
0.000017
0.000120
0.000024
0.000009
0.000069
0.000024
0.000009
0.000069
0.000017
0.000007
0.000050
0.000017
0.000007
0.000050
0.000014
0.000006
0.000042
0.000014
0.000006
0.000042
0.000015
0.000007
0.000050
0.000015
0.000007
0.000050
0.000016
0.000007
0.000063
0.000016
0.000007
0.000063
0.000019
0.000005
0.000064
0.000019
0.000005
0.000064
0.000017
0.000004
0.000053
0.000017
0.000004
0.000053
0.000016
0.000003
0.000046
0.000016
0.000003
0.000046
0.000016
0.000002
0.000041
0.000016
0.000002
0.000041
0.000011
0.000001
0.000026
0.000011
0.000001
0.000026
0.000004
0.000000
0.000011
0.000004
0.000000
0.000011
0.000001
0.000000
0.000003
0.000001
0.000000
0.000003
-0.000000
-0.000000
-0.000001
-0.000000
-0.000000
-0.000001
-0.000002
-0.000000
-0.000005
-0.000002
-0.000000
-0.000005
-0.000003
-0.000000
-0.000008
-0.000003
-0.000000
-0.000008
-0.000007
-0.000001
-0.000015
-0.000007
-0.000001
-0.000015
