-0.000020
0.000000
0.000669
-0.000016
0.000000
0.000545
-0.000020
0.000000
0.000669
-0.000016
0.000000
0.000545
-0.000017
0.000000
0.000560
-0.000017
0.000000
0.000560
-0.000018
0.000000
0.000591
-0.000018
0.000000
0.000591
-0.000019
0.000000
0.000629
-0.000019
0.000000
0.000629
-0.000020
0.000000
0.000665
-0.000020
0.000000
0.000665
-0.000021
0.000000
0.000704
-0.000021
0.000000
0.000704
-0.000022
0.000000
0.000743
-0.000022
0.000000
0.000743
-0.000023
0.000000
0.000778
-0.000023
0.000000
0.000778
-0.000025
0.000000
0.000817
-0.000025
0.000000
0.000817
-0.000026
0.000000
0.000863
-0.000026
0.000000
0.000863
-0.000027
0.000000
0.000897
-0.000027
0.000000
0.000897
-0.000027
0.000000
0.000908
-0.000027
0.000000
0.000908
-0.000026
0.000000
0.000922
-0.000026
0.000000
0.000922
-0.000020
0.000000
0.000950
-0.000020
0.000000
0.000950
-0.000009
0.000000
0.000921
-0.000009
0.000000
0.000921
0.000003
0.000000
0.000829
0.000003
0.000000
0.000829
0.000015
0.000000
0.000773
0.000015
0.000000
0.000773
0.000027
0.000000
0.000772
0.000027
0.000000
0.000772
0.000035
0.000000
0.000669
0.000035
0.000000
0.000669
0.000032
0.000000
0.000449
0.000032
0.000000
0.000449
0.000030
0.000000
0.000314
0.000030
0.000000
0.000314
0.000038
0.000000
0.000294
0.000038
0.000000
0.000294
0.000036
0.000000
0.000228
0.000036
0.000000
0.000228
0.000003
0.000000
0.000030
0.000003
0.000000
0.000030
-0.000073
-0.000000
-0.000242
-0.000073
-0.000000
-0.000242
-0.000189
-0.000000
-0.000479
-0.000189
-0.000000
-0.000479
-0.000028
-0.000000
-0.000150
-0.000028
-0.000000
-0.000150
0.000711
0.000000
0.000417
0.000711
0.000000
0.000417
0.001576
0.000000
0.000217
0.001576
0.000000
0.000217
-0.000024
0.000000
0.000796
-0.000024
0.000000
0.000796
-0.000025
0.000000
0.000818
-0.000025
0.000000
0.000818
-0.000026
0.000000
0.000866
-0.000026
0.000000
0.000866
-0.000027
0.000000
0.000903
-0.000027
0.000000
0.000903
-0.000028
0.000000
0.000927
-0.000028
0.000000
0.000927
-0.000029
0.000000
0.000976
-0.000029
0.000000
0.000976
-0.000030
0.000000
0.001009
-0.000030
0.000000
0.001009
-0.000030
0.000000
0.000994
-0.000030
0.000000
0.000994
-0.000029
0.000000
0.000979
-0.000029
0.000000
0.000979
-0.000029
0.000000
0.000982
-0.000029
0.000000
0.000982
-0.000030
0.000000
0.000992
-0.000030
0.000000
0.000992
-0.000030
0.000000
0.001005
-0.000030
0.000000
0.001005
-0.000031
0.000000
0.001020
-0.000031
0.000000
0.001020
-0.000031
0.000000
0.001023
-0.000031
0.000000
0.001023
-0.000031
0.000000
0.001020
-0.000031
0.000000
0.001020
-0.000031
0.000000
0.001021
-0.000031
0.000000
0.001021
-0.000031
0.000000
0.001029
-0.000031
0.000000
0.001029
-0.000031
0.000000
0.001037
-0.000031
0.000000
0.001037
-0.000031
0.000000
0.001037
-0.000031
0.000000
0.001037
-0.000031
0.000000
0.001035
-0.000031
0.000000
0.001035
-0.000031
0.000000
0.001036
-0.000031
0.000000
0.001036
-0.000031
0.000000
0.001039
-0.000031
0.000000
0.001039
-0.000031
0.000000
0.001039
-0.000031
0.000000
0.001039
-0.000031
0.000000
0.001039
-0.000031
0.000000
0.001039
-0.000031
0.000000
0.001047
-0.000031
0.000000
0.001047
-0.000032
0.000000
0.001056
-0.000032
0.000000
0.001056
-0.000032
0.000000
0.001058
-0.000032
0.000000
0.001058
-0.000032
0.000000
0.001056
-0.000032
0.000000
0.001056
-0.000032
0.000000
0.001054
-0.000032
0.000000
0.001054
-0.000032
0.000000
0.001060
-0.000032
0.000000
0.001060
-0.000032
0.000000
0.001066
-0.000032
0.000000
0.001066
-0.000032
0.000000
0.001064
-0.000032
0.000000
0.001064
-0.000032
0.000000
0.001071
-0.000032
0.000000
0.001071
-0.000033
0.000000
0.001088
-0.000033
0.000000
0.001088
-0.000033
0.000000
0.001100
-0.000033
0.000000
0.001100
-0.000034
0.000000
0.001121
-0.000034
0.000000
0.001121
-0.000035
0.000000
0.001157
-0.000035
0.000000
0.001157
-0.000036
0.000000
0.001189
-0.000036
0.000000
0.001189
-0.000037
0.000000
0.001221
-0.000037
0.000000
0.001221
-0.000038
0.000000
0.001280
-0.000038
0.000000
0.001280
-0.000041
0.000000
0.001365
-0.000041
0.000000
0.001365
-0.000044
0.000000
0.001451
-0.000044
0.000000
0.001451
-0.000047
0.000000
0.001554
-0.000047
0.000000
0.001554
-0.000048
0.000000
0.001611
-0.000048
0.000000
0.001611
-0.000048
0.000001
0.001592
-0.000048
0.000001
0.001592
-0.000048
0.000001
0.001562
-0.000048
0.000001
0.001562
-0.000048
0.000000
0.001552
-0.000048
0.000000
0.001552
-0.000042
-0.000000
0.001418
-0.000042
-0.000000
0.001418
0.000014
-0.000000
0.001176
0.000014
-0.000000
0.001176
0.001254
-0.000000
-0.000176
0.001254
-0.000000
-0.000176
0.000130
0.000000
-0.000006
0.000130
0.000000
-0.000006
-0.000207
0.000000
0.000147
-0.000207
0.000000
0.000147
-0.000122
0.000000
0.000125
-0.000122
0.000000
0.000125
-0.000174
0.000000
0.000213
-0.000174
0.000000
0.000213
-0.000214
0.000000
0.000302
-0.000214
0.000000
0.000302
-0.000185
0.000000
0.000290
-0.000185
0.000000
0.000290
-0.000123
0.000000
0.000218
-0.000123
0.000000
0.000218
-0.000052
0.000000
0.000098
-0.000052
0.000000
0.000098
0.000046
-0.000000
-0.000104
0.000046
-0.000000
-0.000104
0.000085
-0.000000
-0.000201
0.000085
-0.000000
-0.000201
0.000074
-0.000000
-0.000191
0.000074
-0.000000
-0.000191
0.000096
-0.000000
-0.000271
0.000096
-0.000000
-0.000271
0.000139
-0.000000
-0.000422
0.000139
-0.000000
-0.000422
0.000134
-0.000000
-0.000438
0.000134
-0.000000
-0.000438
0.000101
-0.000000
-0.000352
0.000101
-0.000000
-0.000352
0.000089
-0.000000
-0.000343
0.000089
-0.000000
-0.000343
0.000094
-0.000000
-0.000395
0.000094
-0.000000
-0.000395
0.000079
-0.000000
-0.000356
0.000079
-0.000000
-0.000356
0.000048
-0.000000
-0.000239
0.000048
-0.000000
-0.000239
0.000034
-0.000000
-0.000186
0.000034
-0.000000
-0.000186
0.000029
-0.000000
-0.000175
0.000029
-0.000000
-0.000175
0.000017
-0.000000
-0.000118
0.000017
-0.000000
-0.000118
0.000004
-0.000000
-0.000029
0.000004
-0.000000
-0.000029
-0.000003
0.000000
0.000030
-0.000003
0.000000
0.000030
-0.000004
0.000000
0.000050
-0.000004
0.000000
0.000050
-0.000005
0.000000
0.000066
-0.000005
0.000000
0.000066
-0.000005
0.000000
0.000096
-0.000005
0.000000
0.000096
-0.000004
0.000000
0.000122
-0.000004
0.000000
0.000122
-0.000002
0.000000
0.000151
-0.000002
0.000000
0.000151
0.000001
0.000000
0.000173
0.000001
0.000000
0.000173
0.000004
0.000000
0.000172
0.000004
0.000000
0.000172
0.000007
0.000000
0.000166
0.000007
0.000000
0.000166
0.000008
0.000000
0.000164
0.000008
0.000000
0.000164
0.000011
0.000000
0.000207
0.000011
0.000000
0.000207
0.000015
0.000000
0.000285
0.000015
0.000000
0.000285
0.000019
0.000000
0.000365
0.000019
0.000000
0.000365
0.000024
0.000000
0.000468
0.000024
0.000000
0.000468
0.000034
0.000000
0.000654
0.000034
0.000000
0.000654
0.000047
0.000000
0.000911
0.000047
0.000000
0.000911
0.000062
0.000000
0.001202
0.000062
0.000000
0.001202
0.000075
0.000000
0.001466
0.000075
0.000000
0.001466
0.000084
0.000000
0.001631
0.000084
0.000000
0.001631
0.000089
0.000000
0.001738
0.000089
0.000000
0.001738
0.000095
0.000000
0.001845
0.000095
0.000000
0.001845
0.000101
0.000000
0.001976
0.000101
0.000000
0.001976
0.000106
0.000000
0.002063
0.000106
0.000000
0.002063
0.000107
0.000000
0.002088
0.000107
0.000000
0.002088
0.000109
0.000000
0.002121
0.000109
0.000000
0.002121
0.000112
0.000000
0.002175
0.000112
0.000000
0.002175
0.000114
0.000000
0.002216
0.000114
0.000000
0.002216
0.000115
0.000000
0.002232
0.000115
0.000000
0.002232
0.000115
0.000000
0.002247
0.000115
0.000000
0.002247
0.000116
0.000000
0.002265
0.000116
0.000000
0.002265
0.000117
0.000000
0.002276
0.000117
0.000000
0.002276
0.000117
0.000000
0.002278
0.000117
0.000000
0.002278
0.000117
0.000000
0.002288
0.000117
0.000000
0.002288
0.000118
0.000000
0.002296
0.000118
0.000000
0.002296
0.000118
0.000000
0.002291
0.000118
0.000000
0.002291
0.000118
0.000000
0.002289
0.000118
0.000000
0.002289
0.000118
0.000000
0.002305
0.000118
0.000000
0.002305
0.000119
0.000000
0.002327
0.000119
0.000000
0.002327
0.000120
0.000000
0.002341
0.000120
0.000000
0.002341
0.000120
0.000000
0.002347
0.000120
0.000000
0.002347
0.000123
0.000000
0.002389
0.000123
0.000000
0.002389
0.000126
0.000000
0.002452
0.000126
0.000000
0.002452
0.000128
0.000000
0.002488
0.000128
0.000000
0.002488
0.000129
0.000000
0.002520
0.000129
0.000000
0.002520
0.000135
0.000000
0.002626
0.000135
0.000000
0.002626
0.000144
0.000000
0.002797
0.000144
0.000000
0.002797
0.000152
0.000000
0.002966
0.000152
0.000000
0.002966
0.000163
0.000000
0.003168
0.000163
0.000000
0.003168
0.000171
0.000000
0.003327
0.000171
0.000000
0.003327
0.000167
0.000000
0.003246
0.000167
0.000000
0.003246
0.000167
0.000000
0.003248
0.000167
0.000000
0.003248
0.000177
0.000000
0.003456
0.000177
0.000000
0.003456
0.000164
0.000000
0.003189
0.000164
0.000000
0.003189
0.000523
0.000000
0.002789
0.000523
0.000000
0.002789
0.000057
0.000000
0.000973
0.000057
0.000000
0.000973
0.000046
0.000000
0.000774
0.000046
0.000000
0.000774
0.000035
0.000000
0.000601
0.000035
0.000000
0.000601
0.000027
0.000000
0.000454
0.000027
0.000000
0.000454
0.000020
0.000000
0.000338
0.000020
0.000000
0.000338
0.000015
0.000000
0.000249
0.000015
0.000000
0.000249
0.000010
0.000000
0.000174
0.000010
0.000000
0.000174
0.000006
0.000000
0.000108
0.000006
0.000000
0.000108
0.000003
0.000000
0.000046
0.000003
0.000000
0.000046
-0.000000
-0.000000
-0.000005
-0.000000
-0.000000
-0.000005
-0.000001
-0.000000
-0.000019
-0.000001
-0.000000
-0.000019
0.000001
0.000000
0.000009
0.000001
0.000000
0.000009
0.000001
0.000000
0.000019
0.000001
0.000000
0.000019
0.000001
0.000000
0.000012
0.000001
0.000000
0.000012
0.000003
0.000000
0.000044
0.000003
0.000000
0.000044
0.000004
0.000000
0.000072
0.000004
0.000000
0.000072
-0.000000
-0.000000
-0.000003
-0.000000
-0.000000
-0.000003
-0.000007
-0.000000
-0.000114
-0.000007
-0.000000
-0.000114
0.000024
0.000000
0.000009
0.000024
0.000000
0.000009
0.000835
0.000000
0.002519
0.000835
0.000000
0.002519
0.000636
0.000000
0.001899
0.000636
0.000000
0.001899
0.000426
0.000000
0.001273
0.000426
0.000000
0.001273
0.000295
0.000000
0.000881
0.000295
0.000000
0.000881
0.000220
0.000000
0.000657
0.000220
0.000000
0.000657
0.000167
0.000000
0.000500
0.000167
0.000000
0.000500
0.000107
0.000000
0.000321
0.000107
0.000000
0.000321
0.000056
0.000000
0.000168
0.000056
0.000000
0.000168
0.000024
0.000000
0.000071
0.000024
0.000000
0.000071
-0.000004
-0.000000
-0.000013
-0.000004
-0.000000
-0.000013
-0.000007
-0.000000
-0.000021
-0.000007
-0.000000
-0.000021
0.000022
0.000000
0.000065
0.000022
0.000000
0.000065
0.000048
0.000000
0.000144
0.000048
0.000000
0.000144
0.000067
0.000000
0.000199
0.000067
0.000000
0.000199
0.000070
0.000000
0.000208
0.000070
0.000000
0.000208
0.000058
0.000000
0.000175
0.000058
0.000000
0.000175
0.000047
0.000000
0.000141
0.000047
0.000000
0.000141
0.000051
0.000000
0.000152
0.000051
0.000000
0.000152
