0	0.000062	186.610802
1	-0.000003	318.099255
2	0.000223	359.449545
3	0.000946	14.512133
4	0.002132	-330.604156
5	0.003533	-271.804484
6	0.005033	-141.857471
7	0.006583	-188.454806
8	0.008162	-264.882291
9	0.009761	-236.126318
10	0.011373	-205.006683
11	0.012995	-217.393896
12	0.014623	-257.858975
13	0.016256	-263.826785
14	0.017892	-240.036055
15	0.019531	-260.614196
16	0.021172	-300.810551
17	0.022813	-300.516814
18	0.024456	-297.042515
19	0.026096	-346.348451
20	0.027732	-370.840947
21	0.029368	-380.219649
22	0.031003	-393.064323
23	0.032636	-352.671057
24	0.034267	-374.948010
25	0.035884	-499.154157
26	0.037486	-501.312169
27	0.039087	-361.664351
28	0.040685	-292.498347
29	0.042310	-354.164587
30	0.044125	-402.996281
31	0.046299	-355.695643
32	0.048737	-301.492139
33	0.051244	-376.302050
34	0.053749	-446.876816
35	0.056252	-334.944481
36	0.058752	-242.917371
37	0.061251	-359.333116
38	0.063751	-462.486115
39	0.066256	-369.325856
40	0.068766	-300.427936
41	0.071277	-399.415093
42	0.073789	-469.953310
43	0.076307	-400.061707
44	0.078830	-352.946856
45	0.081354	-417.372387
46	0.083879	-462.067857
47	0.086409	-383.910606
48	0.088946	-343.040544
49	0.091482	-381.932440
50	0.094018	-389.847185
51	0.096555	-336.034682
52	0.099094	-301.497542
53	0.101632	-300.528176
54	0.104168	-287.165087
55	0.106709	-245.833615
56	0.109253	-216.451939
57	0.111797	-195.804670
58	0.114339	-154.462449
59	0.116890	-116.226762
60	0.119447	-99.891675
61	0.122004	-56.606964
62	0.124560	4.180991
63	0.127127	36.206015
64	0.129704	41.353181
65	0.132280	104.090495
66	0.134855	185.421032
67	0.137430	192.957320
68	0.140008	195.410438
69	0.142583	268.066541
70	0.145158	345.691114
71	0.147737	362.824839
72	0.150323	379.544592
73	0.152909	437.664796
74	0.155495	489.051945
75	0.158080	507.974692
76	0.160662	547.198065
77	0.163247	583.137623
78	0.165835	599.547476
79	0.168431	642.446981
80	0.171034	696.676173
81	0.173641	695.784243
82	0.176252	684.194874
83	0.178867	721.499191
84	0.181485	782.863238
85	0.184108	770.883908
86	0.186735	752.981444
87	0.189371	799.779370
88	0.192014	839.118818
89	0.194661	793.152039
90	0.197312	750.379405
91	0.199970	782.976200
92	0.202635	808.225337
93	0.205301	752.135818
94	0.207968	703.990654
95	0.210635	730.786355
96	0.213299	750.413307
97	0.215962	705.695427
98	0.218622	671.062730
99	0.221269	656.876038
100	0.223901	647.844853
101	0.226529	615.944804
102	0.229151	580.205039
103	0.500194	128.939799
104	0.500200	128.379199
105	0.500206	124.890482
106	0.500212	154.147824
107	0.500217	196.995296
108	0.500223	202.751732
109	0.500229	196.547713
110	0.500234	221.386597
111	0.500240	262.583369
112	0.500245	271.781222
113	0.500251	263.577712
114	0.500256	289.373519
115	0.500262	321.477507
116	0.500267	306.528974
117	0.500273	295.829353
118	0.500278	346.449670
119	0.500283	379.637693
120	0.500288	317.059077
121	0.500294	290.583111
122	0.500299	419.344578
123	0.500304	524.513211
124	0.500309	412.378706
125	0.500314	277.540259
126	0.500319	362.213625
127	0.500324	521.639977
128	0.500328	497.221317
129	0.500333	384.666104
130	0.500338	218.033434
131	0.500343	119.201642
132	0.231762	589.038023
133	0.234622	581.199865
134	0.238043	564.526335
135	0.242092	549.480747
136	0.246454	505.417490
137	0.250796	465.976098
138	0.255102	481.454722
139	0.259372	472.138855
140	0.263625	426.967282
141	0.267843	411.996210
142	0.272032	400.610307
143	0.276222	332.395739
144	0.280449	252.199032
145	0.284719	265.569725
146	0.289005	302.058966
147	0.293334	269.072212
148	0.297704	250.123303
149	0.302092	265.003603
150	0.306501	248.213399
151	0.310932	193.351453
152	0.315380	154.670024
153	0.319853	144.184884
154	0.324352	24.418693
155	0.328866	-100.195906
156	0.333393	-114.418837
157	0.337931	-115.569857
158	0.342479	-242.761067
159	0.347022	-368.062806
160	0.351559	-387.062270
161	0.356103	-420.587730
162	0.360657	-451.996233
163	0.365221	-478.608273
164	0.369788	-527.220245
165	0.374361	-588.980614
166	0.378937	-498.750694
167	0.383514	-396.226278
168	0.388092	-458.792282
169	0.392672	-526.229431
170	0.397253	-406.883023
171	0.401838	-279.749169
172	0.406429	-293.820672
173	0.411020	-328.080416
174	0.415614	-333.396972
175	0.420213	-306.630364
176	0.424819	-350.176490
177	0.429438	-386.271785
178	0.434068	-358.360026
179	0.438702	-343.033572
180	0.443332	-392.515675
181	0.447956	-431.257267
182	0.452576	-110.951948
183	0.457183	149.431399
184	0.461782	85.479051
185	0.466387	138.489064
186	0.470889	371.759346
187	0.475290	425.451288
188	0.479483	371.833013
189	0.483107	464.658030
190	0.486111	438.801049
191	0.488622	337.100686
192	0.490720	329.001710
193	0.492470	390.860123
194	0.493931	416.560158
195	0.495148	382.360620
196	0.496164	371.309376
197	0.497010	390.748049
198	0.497715	428.011152
199	0.498302	437.140996
200	0.498792	397.225458
201	0.499200	391.528461
202	0.499540	463.988940
203	0.499823	538.811261
204	0.500059	486.942168
205	0.500256	285.652678
206	0.042041	113.349999
207	0.040250	189.288119
208	0.038466	266.679090
209	0.036690	96.957771
210	0.034922	-76.861077
211	0.033163	-31.660031
212	0.031415	43.318674
213	0.029677	-101.649790
214	0.027949	-289.007115
215	0.026234	-238.538838
216	0.024534	-151.183200
217	0.022849	-248.263225
218	0.021181	-359.344432
219	0.019530	-319.080064
220	0.017899	-274.391519
221	0.016292	-227.509326
222	0.014712	-179.961396
223	0.013161	-217.186806
224	0.011642	-279.991722
225	0.010161	-194.414676
226	0.008727	-68.957754
227	0.007347	-75.660285
228	0.006029	-94.138262
229	0.004783	1.163268
230	0.003627	99.897224
231	0.002579	92.410055
232	0.001665	85.040645
233	0.000915	179.659671
234	0.000367	195.674676
235	0.044140	299.595366
236	0.046551	458.264671
237	0.048972	364.710583
238	0.051402	317.333208
239	0.053841	389.804279
240	0.056287	437.334003
241	0.058740	402.812817
242	0.061201	394.526601
243	0.063669	296.651761
244	0.066142	187.458698
245	0.068622	195.491616
246	0.071107	186.551272
247	0.073594	104.178159
248	0.076084	56.143101
249	0.078578	94.591027
250	0.081075	92.869630
251	0.083574	83.058312
252	0.086075	121.786782
253	0.088576	150.501206
254	0.091078	140.731089
255	0.093572	139.004501
256	0.096055	150.609373
257	0.098537	141.704820
258	0.101017	139.554053
259	0.103489	116.173940
260	0.105953	65.554439
261	0.108416	59.900212
262	0.110881	76.497636
263	0.113344	103.397001
264	0.115805	115.044805
265	0.118271	112.541947
266	0.120741	96.401044
267	0.123230	169.248407
268	0.125734	316.035645
269	0.128239	370.878812
270	0.130740	412.148849
271	0.133194	473.843306
272	0.135597	454.930064
273	0.137985	369.562848
274	0.140355	365.946324
275	0.142604	276.204114
276	0.144734	50.231491
277	0.146862	-116.828355
278	0.148998	-353.723866
279	0.151262	-858.844837
280	0.153657	-996.856603
281	0.156075	-847.064718
282	0.158514	-984.640786
283	0.161009	-1138.184920
284	0.163557	-1044.567636
285	0.166115	-918.293369
286	0.168679	-931.024003
287	0.171235	-915.966551
288	0.173781	-927.352954
289	0.176328	-940.781356
290	0.178877	-967.263957
291	0.181435	-951.006065
292	0.184001	-905.526114
293	0.186569	-925.447422
294	0.189137	-971.714473
295	0.191705	-937.120442
296	0.194270	-880.355475
297	0.196836	-887.393049
298	0.199400	-929.292352
299	0.201964	-935.366971
300	0.204525	-898.040182
301	0.207086	-912.899994
302	0.209645	-950.892615
303	0.212202	-951.969729
304	0.214757	-947.411563
305	0.217310	-948.312672
306	0.219860	-944.148270
307	0.222404	-932.855361
308	0.224943	-932.539364
309	0.499969	-678.660767
310	0.499977	-400.048907
311	0.499985	-141.872126
312	0.499993	-220.148231
313	0.500001	-260.088078
314	0.500009	-234.583872
315	0.500017	-171.241714
316	0.500025	-166.398261
317	0.500033	-192.497619
318	0.500041	-176.413271
319	0.500049	-121.769127
320	0.500057	-109.076687
321	0.500065	-123.257153
322	0.500073	-106.523662
323	0.500080	-76.227843
324	0.500088	-68.861036
325	0.500096	-75.840250
326	0.500104	-59.092404
327	0.500112	-27.103888
328	0.500119	-19.581748
329	0.500127	-25.075776
330	0.500135	-2.888191
331	0.500142	22.276378
332	0.500150	28.477589
333	0.500157	33.627260
334	0.500165	61.259342
335	0.500172	76.177022
336	0.500180	61.264931
337	0.500187	94.637792
338	0.227471	-943.102563
339	0.230241	-932.406117
340	0.233552	-883.396084
341	0.237511	-848.629534
342	0.241929	-783.607500
343	0.246437	-713.738642
344	0.250915	-561.223544
345	0.255362	-406.888076
346	0.259776	-367.937850
347	0.264161	-315.396053
348	0.268521	-238.332056
349	0.272859	-179.647491
350	0.277180	-161.888725
351	0.281496	-144.588671
352	0.285812	-99.095311
353	0.290137	-49.138646
354	0.294476	-11.026629
355	0.298839	28.365501
356	0.303230	50.187615
357	0.307652	67.130987
358	0.312104	132.589563
359	0.316590	199.114313
360	0.321107	173.459491
361	0.325655	142.638188
362	0.330229	204.090260
363	0.334825	270.898905
364	0.339441	224.969431
365	0.344078	182.023777
366	0.348733	210.989443
367	0.353410	226.671998
368	0.358103	196.201339
369	0.362787	178.369187
370	0.367461	219.246643
371	0.372127	240.588119
372	0.376787	221.948207
373	0.381448	212.311546
374	0.386110	192.630615
375	0.390772	193.159431
376	0.395434	214.961989
377	0.400097	219.161893
378	0.404762	208.316954
379	0.409420	205.054334
380	0.414069	179.821386
381	0.418705	147.591212
382	0.423328	175.599361
383	0.427968	193.255197
384	0.432629	187.042724
385	0.437317	167.900838
386	0.442028	-2.357136
387	0.446698	14.560447
388	0.451307	339.084080
389	0.455775	259.812659
390	0.460100	91.021894
391	0.464575	393.859579
392	0.469219	334.101154
393	0.473928	-28.609361
394	0.478393	-87.930664
395	0.482188	-133.858385
396	0.485336	-417.649723
397	0.487952	-595.359767
398	0.490122	-651.363706
399	0.491925	-751.929826
400	0.493424	-724.534172
401	0.494671	-722.925812
402	0.495708	-692.368850
403	0.496571	-658.011647
404	0.497290	-636.140432
405	0.497888	-591.757316
406	0.498386	-575.848311
407	0.498801	-604.814764
408	0.499147	-636.196610
409	0.499435	-642.135975
410	0.499674	-527.944493
411	0.499874	-519.339617
