0.000063 0.000000 -0.001173
0.000066 0.010000 -0.001174
-0.000085 0.000000 -0.002387
-0.000082 0.010000 -0.002388
-0.000115 0.000000 -0.003610
-0.000114 0.010000 -0.003610
-0.000023 0.000000 -0.004829
-0.000023 0.010000 -0.004830
0.000324 0.000000 -0.006002
0.000323 0.010000 -0.006003
0.001041 0.000000 -0.006992
0.001041 0.010000 -0.006993
0.001966 0.000000 -0.007792
0.001965 0.010000 -0.007794
0.002999 0.000000 -0.008447
0.002998 0.010000 -0.008449
0.004093 0.000000 -0.008994
0.004092 0.010000 -0.008996
0.005224 0.000000 -0.009460
0.005223 0.010000 -0.009462
0.006378 0.000000 -0.009863
0.006377 0.010000 -0.009865
0.007549 0.000000 -0.010217
0.007548 0.010000 -0.010219
0.008732 0.000000 -0.010528
0.008731 0.010000 -0.010530
0.009923 0.000000 -0.010804
0.009922 0.010000 -0.010807
0.011121 0.000000 -0.011051
0.011120 0.010000 -0.011053
0.012324 0.000000 -0.011271
0.012323 0.010000 -0.011273
0.013531 0.000000 -0.011469
0.013530 0.010000 -0.011471
0.014741 0.000000 -0.011646
0.014740 0.010000 -0.011648
0.015953 0.000000 -0.011804
0.015953 0.010000 -0.011806
0.017168 0.000000 -0.011946
0.017167 0.010000 -0.011948
0.018385 0.000000 -0.012072
0.018384 0.010000 -0.012074
0.019602 0.000000 -0.012184
0.019602 0.010000 -0.012186
0.020821 0.000000 -0.012283
0.020821 0.010000 -0.012285
0.022041 0.000000 -0.012370
0.022040 0.010000 -0.012372
0.023262 0.000000 -0.012446
0.023261 0.010000 -0.012448
0.024483 0.000000 -0.012511
0.024482 0.010000 -0.012513
0.025705 0.000000 -0.012566
0.025704 0.010000 -0.012568
0.026927 0.000000 -0.012612
0.026926 0.010000 -0.012614
0.028149 0.000000 -0.012649
0.028149 0.010000 -0.012651
0.029372 0.000000 -0.012677
0.029371 0.010000 -0.012679
0.030594 0.000000 -0.012698
0.030594 0.010000 -0.012699
0.031817 0.000000 -0.012710
0.031817 0.010000 -0.012712
0.033040 0.000000 -0.012715
0.033040 0.010000 -0.012717
0.034263 0.000000 -0.012713
0.034263 0.010000 -0.012714
0.035486 0.000000 -0.012704
0.035486 0.010000 -0.012705
0.036709 0.000000 -0.012688
0.036709 0.010000 -0.012690
0.037932 -0.000000 -0.012669
0.037932 0.010000 -0.012669
0.039154 -0.000000 -0.012648
0.039154 0.010000 -0.012649
0.040954 -0.000000 -0.013534
0.040954 0.010000 -0.013535
0.042177 -0.000000 -0.013514
0.042177 0.010000 -0.013515
0.044454 -0.000000 -0.014381
0.044454 0.010000 -0.014382
0.047092 -0.000000 -0.015257
0.047092 0.010000 -0.015258
0.049119 -0.000000 -0.015223
0.049119 0.010000 -0.015224
0.051862 -0.000000 -0.016261
0.051862 0.010000 -0.016262
0.053889 -0.000000 -0.016228
0.053889 0.010000 -0.016228
0.056780 -0.000000 -0.017452
0.056780 0.010000 -0.017453
0.058807 -0.000000 -0.017419
0.058807 0.010000 -0.017419
0.061752 -0.000000 -0.018691
0.061752 0.010000 -0.018692
0.063779 -0.000000 -0.018658
0.063779 0.010000 -0.018658
0.066727 -0.000000 -0.019900
0.066727 0.010000 -0.019900
0.068754 -0.000000 -0.019866
0.068754 0.010000 -0.019867
0.071706 -0.000000 -0.021076
0.071706 0.010000 -0.021076
0.074659 -0.000000 -0.022252
0.074659 0.010000 -0.022253
0.076686 -0.000000 -0.022219
0.076686 0.010000 -0.022219
0.079642 -0.000000 -0.023361
0.079642 0.010000 -0.023361
0.081669 -0.000000 -0.023327
0.081669 0.010000 -0.023328
0.084627 -0.000000 -0.024431
0.084627 0.010000 -0.024431
0.086654 -0.000000 -0.024397
0.086654 0.010000 -0.024398
0.089614 -0.000000 -0.025457
0.089614 0.010000 -0.025458
0.091641 -0.000000 -0.025423
0.091641 0.010000 -0.025424
0.094593 -0.000000 -0.026447
0.094593 0.010000 -0.026448
0.096620 -0.000000 -0.026414
0.096620 0.010000 -0.026414
0.099573 -0.000000 -0.027395
0.099573 0.010000 -0.027395
0.101600 -0.000000 -0.027361
0.101600 0.010000 -0.027362
0.104555 -0.000000 -0.028304
0.104555 0.010000 -0.028304
0.107511 -0.000000 -0.029208
0.107511 0.010000 -0.029208
0.109538 -0.000000 -0.029174
0.109538 0.010000 -0.029175
0.112496 -0.000000 -0.030039
0.112496 0.010000 -0.030039
0.114523 -0.000000 -0.030005
0.114523 0.010000 -0.030006
0.117482 -0.000000 -0.030831
0.117482 0.010000 -0.030832
0.120442 -0.000000 -0.031618
0.120442 0.010000 -0.031619
0.122469 -0.000000 -0.031584
0.122469 0.010000 -0.031585
0.125430 -0.000000 -0.032330
0.125430 0.010000 -0.032331
0.127457 -0.000000 -0.032297
0.127457 0.010000 -0.032297
0.130419 -0.000000 -0.033000
0.130419 0.010000 -0.033001
0.133382 -0.000000 -0.033657
0.133382 0.010000 -0.033658
0.135408 -0.000000 -0.033624
0.135409 0.010000 -0.033625
0.138363 -0.000000 -0.034237
0.138363 0.010000 -0.034237
0.141317 -0.000000 -0.034797
0.141317 0.010000 -0.034798
0.143344 -0.000000 -0.034764
0.143344 0.010000 -0.034764
0.146297 -0.000000 -0.035280
0.146297 0.010000 -0.035281
0.149249 -0.000000 -0.035749
0.149249 0.010000 -0.035750
0.151276 -0.000000 -0.035715
0.151276 0.010000 -0.035716
0.154220 -0.000000 -0.036136
0.154220 0.010000 -0.036136
0.157162 -0.000000 -0.036502
0.157162 0.010000 -0.036502
0.159189 -0.000000 -0.036468
0.159189 0.010000 -0.036469
0.162129 -0.000000 -0.036788
0.162129 0.010000 -0.036789
0.165066 -0.000000 -0.037058
0.165066 0.010000 -0.037058
0.167093 -0.000000 -0.037024
0.167093 0.010000 -0.037025
0.170020 -0.000000 -0.037239
0.170020 0.010000 -0.037240
0.172943 -0.000000 -0.037394
0.172943 0.010000 -0.037394
0.175854 -0.000000 -0.037489
0.175854 0.010000 -0.037490
0.177881 -0.000000 -0.037456
0.177881 0.010000 -0.037457
0.180787 -0.000000 -0.037496
0.180787 0.010000 -0.037497
0.183688 -0.000000 -0.037482
0.183688 0.010000 -0.037483
0.186581 -0.000000 -0.037405
0.186581 0.010000 -0.037405
0.188608 -0.000000 -0.037371
0.188608 0.010000 -0.037372
0.191493 -0.000000 -0.037231
0.191493 0.010000 -0.037231
0.194364 -0.000000 -0.037027
0.194364 0.010000 -0.037028
0.197226 -0.000000 -0.036769
0.197226 0.010000 -0.036770
0.200073 -0.000000 -0.036446
0.200073 0.010000 -0.036447
0.202100 -0.000000 -0.036413
0.202100 0.010000 -0.036413
0.204935 -0.000000 -0.036026
0.204935 0.010000 -0.036026
0.207758 -0.000000 -0.035575
0.207758 0.010000 -0.035576
0.210561 -0.000000 -0.035051
0.210561 0.010000 -0.035051
0.213350 -0.000000 -0.034462
0.213350 0.010000 -0.034463
0.216123 -0.000000 -0.033810
0.216123 0.010000 -0.033811
0.218874 -0.000000 -0.033085
0.218874 0.010000 -0.033086
0.221608 -0.000000 -0.032299
0.221608 0.010000 -0.032300
0.223635 -0.000000 -0.032266
0.223635 0.010000 -0.032266
0.226352 -0.000000 -0.031419
0.226352 0.010000 -0.031420
0.229042 -0.000000 -0.030498
0.229042 0.010000 -0.030499
0.231701 -0.000000 -0.029495
0.231701 0.010000 -0.029496
0.234343 -0.000000 -0.028441
0.234343 0.010000 -0.028442
0.236967 -0.000000 -0.027336
0.236967 0.010000 -0.027337
0.239561 -0.000000 -0.026161
0.239561 0.010000 -0.026162
0.242122 -0.000000 -0.024910
0.242122 0.010000 -0.024911
0.244649 -0.000000 -0.023583
0.244649 0.010000 -0.023584
0.247140 -0.000000 -0.022182
0.247140 0.010000 -0.022183
0.249599 -0.000000 -0.020716
0.249599 0.010000 -0.020717
0.252039 -0.000000 -0.019210
0.252039 0.010000 -0.019210
0.254448 -0.000000 -0.017644
0.254448 0.010000 -0.017645
0.256820 -0.000000 -0.016013
0.256820 0.010000 -0.016013
0.259436 -0.000000 -0.012600
0.259436 0.010000 -0.012601
0.261706 -0.000000 -0.010792
0.261706 0.010000 -0.010792
0.263945 -0.000000 -0.008931
0.263945 0.010000 -0.008932
0.266154 -0.000000 -0.007022
0.266154 0.010000 -0.007023
0.268333 -0.000000 -0.005067
0.268333 0.010000 -0.005068
0.270484 -0.000000 -0.003069
0.270484 0.010000 -0.003070
0.272607 -0.000000 -0.001028
0.272607 0.010000 -0.001029
0.274692 -0.000000 0.001066
0.274692 0.010000 0.001065
0.276766 -0.000000 0.005319
0.276766 0.010000 0.005318
0.278790 -0.000000 0.007502
0.278790 0.010000 0.007501
0.280797 -0.000000 0.009708
0.280797 0.010000 0.009708
0.500000 0.010000 0.000000
0.500000 0.000000 -0.000000
0.500000 0.010000 -0.000128
0.500000 0.000000 -0.000128
0.500000 0.010000 -0.000256
0.500000 0.000000 -0.000256
0.500000 0.010000 -0.000385
0.500000 0.000000 -0.000385
0.500000 0.010000 -0.000513
0.500000 0.000000 -0.000513
0.500000 0.010000 -0.000641
0.500000 0.000000 -0.000641
0.500000 0.010000 -0.000769
0.500000 0.000000 -0.000769
0.500000 0.010000 -0.000897
0.500000 0.000000 -0.000897
0.500000 0.010000 -0.001026
0.500000 0.000000 -0.001026
0.500000 0.010000 -0.001154
0.500000 0.000000 -0.001154
0.500000 0.010000 -0.001282
0.500000 0.000000 -0.001282
0.500000 0.010000 -0.001410
0.500000 0.000000 -0.001410
0.500000 0.010000 -0.001539
0.500000 0.000000 -0.001538
0.500000 0.010000 -0.001667
0.500000 0.000000 -0.001667
0.500000 0.010000 -0.001795
0.500000 0.000000 -0.001795
0.500000 0.010000 -0.001923
0.500000 0.000000 -0.001923
0.500000 0.010000 -0.002051
0.500000 0.000000 -0.002051
0.500000 0.010000 -0.002180
0.500000 0.000000 -0.002179
0.500000 0.010000 -0.002308
0.500000 0.000000 -0.002308
0.500000 0.010000 -0.002436
0.500000 0.000000 -0.002436
0.500000 0.010000 -0.002564
0.500000 0.000000 -0.002564
0.500000 0.010000 -0.002692
0.500000 0.000000 -0.002692
0.500000 0.010000 -0.002821
0.500000 0.000000 -0.002820
0.500000 0.010000 -0.002949
0.500000 0.000000 -0.002949
0.500000 0.010000 -0.003077
0.500000 0.000000 -0.003077
0.500000 0.010000 -0.003205
0.500000 0.000000 -0.003205
0.500000 0.010000 -0.003334
0.500000 0.000000 -0.003333
0.500000 0.010000 -0.003462
0.500000 0.000000 -0.003461
0.500000 0.010000 -0.003590
0.500000 0.000000 -0.003589
0.500000 0.010000 -0.003718
0.500000 0.000000 -0.003718
0.500000 0.010000 -0.003846
0.500000 0.000000 -0.003846
0.500000 0.010000 -0.003975
0.500000 0.000000 -0.003974
0.500000 0.010000 -0.004103
0.500000 0.000000 -0.004102
0.500000 0.010000 -0.004231
0.500000 0.000000 -0.004230
0.500000 0.010000 -0.004359
0.500000 0.000000 -0.004359
0.500000 0.010000 -0.004487
0.500000 0.000000 -0.004487
0.500000 0.010000 -0.004616
0.500000 0.000000 -0.004615
0.500000 0.010000 -0.004744
0.500000 0.000000 -0.004743
0.500000 0.010000 -0.004872
0.500000 0.000000 -0.004871
0.500000 0.010000 -0.005000
0.500000 0.000000 -0.005000
0.045009 0.010000 0.026146
0.045008 0.000000 0.026150
0.047931 0.010000 0.025247
0.047930 0.000000 0.025250
0.051193 0.010000 0.023889
0.051192 0.000000 0.023892
0.053101 0.010000 0.024410
0.053100 0.000000 0.024413
0.056363 0.010000 0.023069
0.056362 0.000000 0.023072
0.058282 0.010000 0.023546
0.058281 0.000000 0.023548
0.061545 0.010000 0.022221
0.061544 0.000000 0.022224
0.063475 0.010000 0.022655
0.063474 0.000000 0.022657
0.066739 0.010000 0.021347
0.066738 0.000000 0.021349
0.068677 0.010000 0.021738
0.068677 0.000000 0.021739
0.071941 0.010000 0.020447
0.071941 0.000000 0.020448
0.073888 0.010000 0.020797
0.073888 0.000000 0.020797
0.077152 0.010000 0.019524
0.077152 0.000000 0.019524
0.079106 0.010000 0.019832
0.079105 0.000000 0.019832
0.082369 0.010000 0.018577
0.082369 0.000000 0.018577
0.084329 0.010000 0.018844
0.084329 0.000000 0.018844
0.087592 0.010000 0.017608
0.087592 0.000000 0.017607
0.089557 0.010000 0.017833
0.089557 0.000000 0.017832
0.092818 0.010000 0.016614
0.092818 0.000000 0.016613
0.094788 0.010000 0.016798
0.094787 0.000000 0.016796
0.098048 0.010000 0.015597
0.098048 0.000000 0.015595
0.100020 0.010000 0.015737
0.100020 0.000000 0.015735
0.103279 0.010000 0.014553
0.103278 0.000000 0.014551
0.105254 0.010000 0.014650
0.105254 0.000000 0.014647
0.108510 0.010000 0.013482
0.108509 0.000000 0.013479
0.110487 0.010000 0.013533
0.110487 0.000000 0.013530
0.113739 0.010000 0.012380
0.113739 0.000000 0.012376
0.115717 0.010000 0.012384
0.115717 0.000000 0.012380
0.117695 0.010000 0.012364
0.117695 0.000000 0.012360
0.120943 0.010000 0.011198
0.120943 0.000000 0.011194
0.122920 0.010000 0.011127
0.122919 0.000000 0.011123
0.126163 0.010000 0.009970
0.126163 0.000000 0.009965
0.128137 0.010000 0.009846
0.128137 0.000000 0.009841
0.131374 0.010000 0.008697
0.131373 0.000000 0.008691
0.133345 0.010000 0.008539
0.133345 0.000000 0.008534
0.135316 0.010000 0.008381
0.135316 0.000000 0.008376
0.138550 0.010000 0.007287
0.138550 0.000000 0.007282
0.140521 0.010000 0.007130
0.140521 0.000000 0.007124
0.143753 0.010000 0.006099
0.143753 0.000000 0.006094
0.145724 0.010000 0.005941
0.145724 0.000000 0.005936
0.147696 0.010000 0.005783
0.147695 0.000000 0.005778
0.150925 0.010000 0.004816
0.150925 0.000000 0.004811
0.152897 0.010000 0.004658
0.152896 0.000000 0.004653
0.156125 0.010000 0.003757
0.156125 0.000000 0.003752
0.158096 0.010000 0.003599
0.158096 0.000000 0.003594
0.161324 0.010000 0.002763
0.161324 0.000000 0.002759
0.163296 0.010000 0.002606
0.163295 0.000000 0.002601
0.166526 0.010000 0.001827
0.166525 0.000000 0.001822
0.168497 0.010000 0.001669
0.168497 0.000000 0.001664
0.171727 0.010000 0.000953
0.171726 0.000000 0.000948
0.173698 0.010000 0.000795
0.173698 0.000000 0.000790
0.175669 0.010000 0.000637
0.175669 0.000000 0.000632
0.178900 0.010000 -0.000009
0.178900 0.000000 -0.000014
0.180872 0.010000 -0.000167
0.180871 0.000000 -0.000171
0.184104 0.010000 -0.000741
0.184104 0.000000 -0.000745
0.186075 0.010000 -0.000898
0.186075 0.000000 -0.000903
0.189310 0.010000 -0.001401
0.189310 0.000000 -0.001406
0.192545 0.010000 -0.001870
0.192545 0.000000 -0.001874
0.194516 0.010000 -0.002028
0.194516 0.000000 -0.002032
0.197753 0.010000 -0.002479
0.197753 0.000000 -0.002483
0.199725 0.010000 -0.002636
0.199724 0.000000 -0.002641
0.202961 0.010000 -0.003064
0.202961 0.000000 -0.003068
0.204933 0.010000 -0.003222
0.204932 0.000000 -0.003226
0.208168 0.010000 -0.003624
0.208168 0.000000 -0.003628
0.210139 0.010000 -0.003781
0.210139 0.000000 -0.003786
0.213373 0.010000 -0.004162
0.213373 0.000000 -0.004166
0.216609 0.010000 -0.004525
0.216609 0.000000 -0.004529
0.218580 0.010000 -0.004682
0.218580 0.000000 -0.004687
0.221815 0.010000 -0.005020
0.221815 0.000000 -0.005025
0.223786 0.010000 -0.005178
0.223786 0.000000 -0.005182
0.227020 0.010000 -0.005489
0.227019 0.000000 -0.005493
0.230251 0.010000 -0.005769
0.230251 0.000000 -0.005773
0.232223 0.010000 -0.005927
0.232222 0.000000 -0.005931
0.235452 0.010000 -0.006176
0.235452 0.000000 -0.006181
0.238680 0.010000 -0.006394
0.238679 0.000000 -0.006398
0.240651 0.010000 -0.006551
0.240651 0.000000 -0.006556
0.243876 0.010000 -0.006735
0.243876 0.000000 -0.006739
0.247098 0.010000 -0.006886
0.247098 0.000000 -0.006890
0.249069 0.010000 -0.007044
0.249069 0.000000 -0.007048
0.252293 0.010000 -0.007173
0.252293 0.000000 -0.007177
0.255513 0.010000 -0.007279
0.255513 0.000000 -0.007283
0.258731 0.010000 -0.007355
0.258731 0.000000 -0.007359
0.260703 0.010000 -0.007513
0.260703 0.000000 -0.007517
0.263917 0.010000 -0.007554
0.263917 0.000000 -0.007558
0.267125 0.010000 -0.007549
0.267125 0.000000 -0.007553
0.270320 0.010000 -0.007497
0.270320 0.000000 -0.007501
0.273509 0.010000 -0.007403
0.273509 0.000000 -0.007407
0.276693 0.010000 -0.007271
0.276693 0.000000 -0.007275
0.279871 0.010000 -0.007100
0.279871 0.000000 -0.007104
0.281843 0.010000 -0.007258
0.281842 0.000000 -0.007262
0.285015 0.010000 -0.007049
0.285015 0.000000 -0.007053
0.288182 0.010000 -0.006802
0.288182 0.000000 -0.006805
0.291341 0.010000 -0.006511
0.291341 0.000000 -0.006515
0.294486 0.010000 -0.006170
0.294485 0.000000 -0.006174
0.297621 0.010000 -0.005780
0.297620 0.000000 -0.005783
0.043670 0.000000 0.025733
0.043672 0.010000 0.025730
0.041302 0.000000 0.026806
0.041304 0.010000 0.026802
0.039973 0.000000 0.026365
0.039975 0.010000 0.026360
0.037606 0.000000 0.027446
0.037608 0.010000 0.027442
0.036285 0.000000 0.026979
0.036288 0.010000 0.026975
0.034970 0.000000 0.026500
0.034972 0.010000 0.026495
0.033659 0.000000 0.026006
0.033662 0.010000 0.026001
0.032353 0.000000 0.025499
0.032356 0.010000 0.025494
0.031053 0.000000 0.024977
0.031057 0.010000 0.024972
0.029760 0.000000 0.024441
0.029763 0.010000 0.024436
0.028472 0.000000 0.023890
0.028476 0.010000 0.023885
0.027191 0.000000 0.023323
0.027195 0.010000 0.023318
0.025918 0.000000 0.022740
0.025922 0.010000 0.022735
0.024652 0.000000 0.022141
0.024656 0.010000 0.022136
0.023394 0.000000 0.021525
0.023399 0.010000 0.021520
0.022145 0.000000 0.020891
0.022150 0.010000 0.020886
0.020906 0.000000 0.020238
0.020911 0.010000 0.020233
0.019677 0.000000 0.019567
0.019682 0.010000 0.019562
0.018459 0.000000 0.018875
0.018464 0.010000 0.018870
0.017253 0.000000 0.018163
0.017259 0.010000 0.018158
0.016060 0.000000 0.017429
0.016066 0.010000 0.017424
0.014882 0.000000 0.016672
0.014888 0.010000 0.016667
0.013719 0.000000 0.015891
0.013725 0.010000 0.015886
0.012574 0.000000 0.015085
0.012580 0.010000 0.015080
0.011448 0.000000 0.014252
0.011454 0.010000 0.014247
0.010343 0.000000 0.013391
0.010350 0.010000 0.013386
0.009262 0.000000 0.012500
0.009269 0.010000 0.012496
0.008208 0.000000 0.011578
0.008215 0.010000 0.011574
0.007184 0.000000 0.010622
0.007191 0.010000 0.010618
0.006195 0.000000 0.009631
0.006202 0.010000 0.009627
0.005245 0.000000 0.008602
0.005252 0.010000 0.008598
0.004340 0.000000 0.007533
0.004347 0.010000 0.007530
0.003487 0.000000 0.006422
0.003494 0.010000 0.006419
0.002696 0.000000 0.005266
0.002702 0.010000 0.005264
0.001975 0.000000 0.004066
0.001980 0.010000 0.004063
0.001336 0.000000 0.002819
0.001342 0.010000 0.002817
0.000795 0.000000 0.001527
0.000800 0.010000 0.001526
0.000365 0.000000 0.000194
0.000369 0.010000 0.000194
0.500000 0.010000 0.005000
0.500000 0.000000 0.005000
0.500000 0.010000 0.004872
0.500000 0.000000 0.004872
0.500000 0.010000 0.004744
0.500000 0.000000 0.004744
0.500000 0.010000 0.004615
0.500000 0.000000 0.004615
0.500000 0.010000 0.004487
0.500000 0.000000 0.004487
0.500000 0.010000 0.004359
0.500000 0.000000 0.004359
0.500000 0.010000 0.004231
0.500000 0.000000 0.004231
0.500000 0.010000 0.004103
0.500000 0.000000 0.004103
0.500000 0.010000 0.003974
0.500000 0.000000 0.003974
0.500000 0.010000 0.003846
0.500000 0.000000 0.003846
0.500000 0.010000 0.003718
0.500000 0.000000 0.003718
0.500000 0.010000 0.003590
0.500000 0.000000 0.003590
0.500000 0.010000 0.003462
0.500000 0.000000 0.003462
0.500000 0.010000 0.003333
0.500000 0.000000 0.003333
0.500000 0.010000 0.003205
0.500000 0.000000 0.003205
0.500000 0.010000 0.003077
0.500000 0.000000 0.003077
0.500000 0.010000 0.002949
0.500000 0.000000 0.002949
0.500000 0.010000 0.002821
0.500000 0.000000 0.002821
0.500000 0.010000 0.002692
0.500000 0.000000 0.002692
0.500000 0.010000 0.002564
0.500000 0.000000 0.002564
0.500000 0.010000 0.002436
0.500000 0.000000 0.002436
0.500000 0.010000 0.002308
0.500000 0.000000 0.002308
0.500000 0.010000 0.002179
0.500000 0.000000 0.002179
0.500000 0.010000 0.002051
0.500000 0.000000 0.002051
0.500000 0.010000 0.001923
0.500000 0.000000 0.001923
0.500000 0.010000 0.001795
0.500000 0.000000 0.001795
0.500000 0.010000 0.001667
0.500000 0.000000 0.001667
0.500000 0.010000 0.001538
0.500000 0.000000 0.001538
0.500000 0.010000 0.001410
0.500000 0.000000 0.001410
0.500000 0.010000 0.001282
0.500000 0.000000 0.001282
0.500000 0.010000 0.001154
0.500000 0.000000 0.001154
0.500000 0.010000 0.001026
0.500000 0.000000 0.001026
0.500000 0.010000 0.000897
0.500000 0.000000 0.000897
0.500000 0.010000 0.000769
0.500000 0.000000 0.000769
0.500000 0.010000 0.000641
0.500000 0.000000 0.000641
0.500000 0.010000 0.000513
0.500000 0.000000 0.000513
0.500000 0.010000 0.000385
0.500000 0.000000 0.000385
0.500000 0.010000 0.000256
0.500000 0.000000 0.000256
0.500000 0.010000 0.000128
0.500000 0.000000 0.000128
0.282661 -0.000000 0.011935
0.282661 0.010000 0.011935
0.284823 -0.000000 0.016429
0.284823 0.010000 0.016428
0.287486 -0.000000 0.018728
0.287486 0.010000 0.018727
0.290420 -0.000000 0.024768
0.290420 0.010000 0.024767
0.293429 -0.000000 0.028703
0.293429 0.010000 0.028703
0.296444 -0.000000 0.032629
0.296444 0.010000 0.032628
0.299476 -0.000000 0.036528
0.299476 0.010000 0.036527
0.302527 -0.000000 0.040393
0.302527 0.010000 0.040392
0.305602 -0.000000 0.044218
0.305602 0.010000 0.044217
0.308707 -0.000000 0.047987
0.308707 0.010000 0.047986
0.311844 -0.000000 0.051694
0.311844 0.010000 0.051693
0.315019 -0.000000 0.055323
0.315019 0.010000 0.055323
0.318233 0.000000 0.058868
0.318233 0.010000 0.058867
0.321487 0.000000 0.062315
0.321487 0.010000 0.062315
0.324785 0.000000 0.065655
0.324785 0.010000 0.065654
0.328127 0.000000 0.068876
0.328127 0.010000 0.068875
0.331515 0.000000 0.071963
0.331515 0.010000 0.071963
0.334947 0.000000 0.074907
0.334947 0.010000 0.074906
0.338426 0.000000 0.077728
0.338426 0.010000 0.077727
0.341951 0.000000 0.080416
0.341951 0.010000 0.080415
0.345518 0.000000 0.082936
0.345518 0.010000 0.082936
0.349122 0.000000 0.085279
0.349122 0.010000 0.085278
0.352779 0.000000 0.087437
0.352779 0.010000 0.087436
0.356472 0.000000 0.089376
0.356472 0.010000 0.089375
0.359624 0.000000 0.089428
0.359624 0.010000 0.089428
0.363352 0.000000 0.091101
0.363352 0.010000 0.091101
0.367107 0.000000 0.092497
0.367107 0.010000 0.092496
0.370897 0.000000 0.093634
0.370897 0.010000 0.093633
0.374696 0.000000 0.094467
0.374696 0.010000 0.094466
0.377848 0.000000 0.094519
0.377848 0.010000 0.094518
0.381662 0.000000 0.095005
0.381662 0.010000 0.095004
0.385448 0.000000 0.095105
0.385448 0.010000 0.095104
0.389207 0.000000 0.094829
0.389207 0.010000 0.094829
0.392873 0.000000 0.094084
0.392873 0.010000 0.094083
0.396025 0.000000 0.094136
0.396025 0.010000 0.094136
0.399582 0.000000 0.092914
0.399582 0.010000 0.092913
0.402925 0.000000 0.091133
0.402925 0.010000 0.091133
0.406078 0.000000 0.091186
0.406078 0.010000 0.091185
0.409220 0.000000 0.088951
0.409220 0.010000 0.088951
0.412152 0.000000 0.086329
0.412153 0.010000 0.086329
0.415305 0.000000 0.086382
0.415305 0.010000 0.086381
0.417968 0.000000 0.083349
0.417968 0.010000 0.083348
0.420184 0.000000 0.079813
0.420184 0.010000 0.079813
0.423336 0.000000 0.079866
0.423336 0.010000 0.079865
0.425232 0.000000 0.076002
0.425232 0.010000 0.076002
0.426818 0.000000 0.071865
0.426818 0.010000 0.071865
0.429970 0.000000 0.071918
0.429970 0.010000 0.071917
0.431251 0.000000 0.067544
0.431251 0.010000 0.067543
0.434404 0.000000 0.067596
0.434404 0.010000 0.067595
0.435387 0.000000 0.063018
0.435387 0.010000 0.063018
0.436091 0.000000 0.058267
0.436091 0.010000 0.058267
0.439243 0.000000 0.058320
0.439243 0.010000 0.058319
0.439682 0.000000 0.053422
0.439682 0.010000 0.053421
0.442835 0.000000 0.053474
0.442835 0.010000 0.053473
0.443026 0.000000 0.048451
0.443026 0.010000 0.048450
0.446179 0.000000 0.048503
0.446179 0.010000 0.048502
0.446134 0.000000 0.043370
0.446134 0.010000 0.043369
0.449287 0.000000 0.043422
0.449287 0.010000 0.043422
0.449025 0.000000 0.038194
0.449025 0.010000 0.038194
0.452177 0.000000 0.038247
0.452177 0.010000 0.038246
0.451709 0.000000 0.032936
0.451709 0.010000 0.032935
0.454861 0.000000 0.032988
0.454861 0.010000 0.032987
0.454198 0.000000 0.027603
0.454198 0.010000 0.027602
0.457351 0.000000 0.027655
0.457351 0.010000 0.027654
0.456507 0.000000 0.022204
0.456507 0.010000 0.022203
0.459660 0.000000 0.022257
0.459660 0.010000 0.022256
0.458648 0.000000 0.016747
0.458648 0.010000 0.016746
0.461801 0.000000 0.016799
0.461801 0.010000 0.016799
0.460630 0.000000 0.011237
0.460630 0.010000 0.011236
0.463782 0.000000 0.011289
0.463782 0.010000 0.011289
0.462459 0.000000 0.005678
0.462459 0.010000 0.005677
0.465611 0.000000 0.005731
0.465611 0.010000 0.005730
0.464146 0.000000 0.000075
0.464146 0.010000 0.000074
0.467299 0.000000 0.000127
0.467299 0.010000 0.000126
0.465713 0.000000 -0.005569
0.465713 0.010000 -0.005569
0.468865 0.000000 -0.005516
0.468865 0.010000 -0.005517
0.472018 0.000000 -0.005464
0.472018 0.010000 -0.005465
0.475170 0.000000 -0.005412
0.475170 0.010000 -0.005412
0.478323 0.000000 -0.005359
0.478323 0.010000 -0.005360
0.481476 0.000000 -0.005307
0.481476 0.010000 -0.005308
0.484628 0.000000 -0.005255
0.484628 0.010000 -0.005255
0.487290 0.000000 -0.005211
0.487290 0.010000 -0.005211
0.489508 0.000000 -0.005174
0.489508 0.010000 -0.005174
0.491357 0.000000 -0.005143
0.491357 0.010000 -0.005144
0.492897 0.000000 -0.005118
0.492897 0.010000 -0.005118
0.494181 0.000000 -0.005096
0.494181 0.010000 -0.005097
0.495251 0.000000 -0.005078
0.495251 0.010000 -0.005079
0.496142 0.000000 -0.005064
0.496142 0.010000 -0.005064
0.496885 0.000000 -0.005051
0.496885 0.010000 -0.005052
0.497504 0.000000 -0.005041
0.497504 0.010000 -0.005042
0.498020 0.000000 -0.005032
0.498020 0.010000 -0.005033
0.498450 0.000000 -0.005025
0.498450 0.010000 -0.005026
0.498809 0.000000 -0.005019
0.498809 0.010000 -0.005020
0.499107 0.000000 -0.005014
0.499107 0.010000 -0.005015
0.499356 0.000000 -0.005010
0.499356 0.010000 -0.005011
0.499563 0.000000 -0.005007
0.499563 0.010000 -0.005008
0.499736 0.000000 -0.005004
0.499736 0.010000 -0.005005
0.499880 0.000000 -0.005002
0.499880 0.010000 -0.005002
0.300670 0.010000 -0.005337
0.300670 0.000000 -0.005340
0.305219 0.010000 -0.004190
0.305219 0.000000 -0.004193
0.309065 0.010000 -0.003669
0.309065 0.000000 -0.003673
0.314477 0.010000 -0.002305
0.314477 0.000000 -0.002308
0.319834 0.010000 -0.000740
0.319834 0.000000 -0.000744
0.326130 0.010000 0.002148
0.326129 0.000000 0.002144
0.331297 0.010000 0.004262
0.331297 0.000000 0.004259
0.337222 0.010000 0.008095
0.337222 0.000000 0.008092
0.342939 0.010000 0.012428
0.342939 0.000000 0.012425
0.348381 0.010000 0.017313
0.348381 0.000000 0.017310
0.354187 0.010000 0.025647
0.354187 0.000000 0.025644
0.358233 0.010000 0.029353
0.358233 0.000000 0.029350
0.362690 0.010000 0.037632
0.362690 0.000000 0.037628
0.366690 0.010000 0.046532
0.366690 0.000000 0.046529
0.370536 0.010000 0.055655
0.370535 0.000000 0.055652
0.374425 0.010000 0.064691
0.374425 0.000000 0.064688
0.378012 0.010000 0.068977
0.378012 0.000000 0.068974
0.382036 0.010000 0.077522
0.382036 0.000000 0.077519
0.386111 0.010000 0.085653
0.386111 0.000000 0.085650
0.390180 0.010000 0.093349
0.390180 0.000000 0.093346
0.393821 0.010000 0.096896
0.393821 0.000000 0.096893
0.397881 0.010000 0.103883
0.397881 0.000000 0.103881
0.401494 0.010000 0.107057
0.401494 0.000000 0.107055
0.405087 0.010000 0.110093
0.405087 0.000000 0.110091
0.409162 0.010000 0.115914
0.409162 0.000000 0.115912
0.412855 0.010000 0.118403
0.412854 0.000000 0.118400
0.416583 0.010000 0.120669
0.416582 0.000000 0.120666
0.420284 0.010000 0.122757
0.420284 0.000000 0.122754
0.424019 0.010000 0.124562
0.424019 0.000000 0.124560
0.427721 0.010000 0.126113
0.427721 0.000000 0.126111
0.431449 0.010000 0.127274
0.431449 0.000000 0.127271
0.435127 0.010000 0.128052
0.435127 0.000000 0.128050
0.438784 0.010000 0.128273
0.438784 0.000000 0.128271
0.442363 0.010000 0.127878
0.442363 0.000000 0.127876
0.445780 0.010000 0.126802
0.445780 0.000000 0.126800
0.448987 0.010000 0.126545
0.448987 0.000000 0.126543
0.452120 0.010000 0.124728
0.452120 0.000000 0.124726
0.454829 0.010000 0.122160
0.454829 0.000000 0.122158
0.458036 0.010000 0.121904
0.458036 0.000000 0.121902
0.460187 0.010000 0.118639
0.460186 0.000000 0.118637
0.461689 0.010000 0.114791
0.461689 0.000000 0.114790
0.464895 0.010000 0.114535
0.464895 0.000000 0.114533
0.465728 0.010000 0.110247
0.465728 0.000000 0.110245
0.465923 0.010000 0.105649
0.465923 0.000000 0.105648
0.469130 0.010000 0.105393
0.469130 0.000000 0.105391
0.468777 0.010000 0.100596
0.468777 0.000000 0.100594
0.468320 0.010000 0.095722
0.468320 0.000000 0.095721
0.471527 0.010000 0.095466
0.471527 0.000000 0.095464
0.470604 0.010000 0.090481
0.470604 0.000000 0.090480
0.473811 0.010000 0.090225
0.473810 0.000000 0.090223
0.472468 0.010000 0.085158
0.472467 0.000000 0.085157
0.475674 0.010000 0.084901
0.475674 0.000000 0.084900
0.473951 0.010000 0.079779
0.473951 0.000000 0.079778
0.477158 0.010000 0.079523
0.477158 0.000000 0.079521
0.475102 0.010000 0.074364
0.475102 0.000000 0.074363
0.478309 0.010000 0.074108
0.478309 0.000000 0.074106
0.476264 0.010000 0.068893
0.476264 0.000000 0.068891
0.479471 0.010000 0.068636
0.479471 0.000000 0.068635
0.477175 0.010000 0.063406
0.477174 0.000000 0.063405
0.480381 0.010000 0.063150
0.480381 0.000000 0.063149
0.477880 0.010000 0.057896
0.477880 0.000000 0.057895
0.481087 0.010000 0.057640
0.481086 0.000000 0.057639
0.484293 0.010000 0.057383
0.484293 0.000000 0.057382
0.481608 0.010000 0.052109
0.481608 0.000000 0.052108
0.484815 0.010000 0.051852
0.484815 0.000000 0.051851
0.482006 0.010000 0.046549
0.482006 0.000000 0.046548
0.485213 0.010000 0.046293
0.485213 0.000000 0.046292
0.482326 0.010000 0.040958
0.482326 0.000000 0.040957
0.485533 0.010000 0.040701
0.485533 0.000000 0.040700
0.488739 0.010000 0.040444
0.488739 0.000000 0.040444
0.485779 0.010000 0.035080
0.485779 0.000000 0.035079
0.488985 0.010000 0.034823
0.488985 0.000000 0.034823
0.486655 0.010000 0.030074
0.486655 0.000000 0.030074
0.489862 0.010000 0.029818
0.489862 0.000000 0.029817
0.488375 0.010000 0.025801
0.488375 0.000000 0.025801
0.491581 0.010000 0.025545
0.491581 0.000000 0.025544
0.490828 0.010000 0.022140
0.490828 0.000000 0.022140
0.494035 0.010000 0.021884
0.494035 0.000000 0.021883
0.493911 0.010000 0.018994
0.493911 0.000000 0.018994
0.494321 0.010000 0.016537
0.494321 0.000000 0.016537
0.495163 0.010000 0.014444
0.495163 0.000000 0.014444
0.495862 0.010000 0.012696
0.495862 0.000000 0.012695
0.496443 0.010000 0.011235
0.496443 0.000000 0.011235
0.496921 0.010000 0.010017
0.496921 0.000000 0.010017
0.497316 0.010000 0.009002
0.497316 0.000000 0.009002
0.498596 0.010000 0.008899
0.498596 0.000000 0.008899
0.498710 0.010000 0.008069
0.498710 0.000000 0.008069
0.498805 0.010000 0.007377
0.498805 0.000000 0.007376
0.498882 0.010000 0.006799
0.498882 0.000000 0.006799
0.499500 0.010000 0.006750
0.499500 0.000000 0.006750
0.499461 0.010000 0.006277
0.499461 0.000000 0.006277
0.499428 0.010000 0.005882
0.499428 0.000000 0.005882
0.499785 0.010000 0.005854
0.499785 0.000000 0.005854
0.499698 0.010000 0.005530
0.499698 0.000000 0.005530
0.499946 0.010000 0.005510
0.499946 0.000000 0.005510
0.499832 0.010000 0.005243
0.499832 0.000000 0.005243
0.500004 0.010000 0.005230
0.500004 0.000000 0.005230
0.500148 0.010000 0.005218
0.500148 0.000000 0.005218
