#tecplot ASCII: /media/inigo/10740FB2740F9A1C/simulations/MembraneWing/run_tau_from_kratos/Outputs/airfoilSol.monitor.tmp.dat
### Reference values ##################################
# Reynolds_length       = 0.225
# Reference density     = 1.23657
# Reference temperature = 293.15
# Reference pressure    = 104059
# Speed of sound        = 343.238
# Angle alpha (degree)  = 6
# Angle beta (degree)   = 0
# Gas constant          = 287.06
### Initial values ####################################
# Reference Mach number = 0.11658
# Reference velocity    = 40.0147
### Geometric values ##################################
# Grid scale            = 1
# Relation area         = 0.00045
### Global values #####################################
# adaptation_level      =    0
# dimless_pointdata     =    0
# ndomains              =    1
#######################################################
TITLE="Monitoring file: /media/inigo/10740FB2740F9A1C/simulations/MembraneWing/run_tau_from_kratos/Outputs/airfoilSol.monitor.tmp.dat"
VARIABLES= "thistime" "Inner-iter" "Rrho" "Rrhovx" "Rrhovy" "Rrhovz" "RrhoE" "Rrhonue" "Max-Rrho" "X-max-Rrho" "Y-max-Rrho" "Z-max-Rrho" "C-lift" "C-drag" "C-sidef" "C-mx" "C-my" "C-mz" "Max-y+" "Angle-a" "MF(OUTLET)"

 0.005 1 165.016261784 268.032487642 1.9755774653e-11 78.3751896202 571.811025251 0.530685955545 8338.97496799 0.000508839916987 -0.002 -0.000985638330458 0.76829598158 0.586457693154 -5.85993976776e-08 -0.00364936557299 -61.3050031162 0.00223550803546 27.5425328646 6 0.196838815018
 0.005 2 145.949561862 143.790852999 1.05292190552e-11 37.9947675798 496.708543851 0.167784892117 7325.89185401 0.00151473449522 -1.06221027883e-19 -0.00173472103071 2.99075699315 1.35612003975 -2.8631764002e-07 -0.0137870622059 -235.913569453 0.00460268016101 25.8649719463 6 0.196838815018
 0.005 3 119.10157464 90.5852318905 9.77284973907e-12 42.8416109275 405.343296149 0.0575907013024 6531.06739193 0.00151473447296 -0.002 -0.00173472100254 4.94024729547 2.16582277553 -5.37010220853e-07 -0.0226766777744 -391.577138445 0.0072682096514 24.8107351867 6 0.196838815018
 0.005 4 80.7468834149 66.1625586612 8.00916949444e-12 47.6095070547 274.340966204 0.0220922945297 5424.30110617 0.00151473447296 -0.002 -0.00173472100254 4.92926203968 2.48998227896 -6.67954559203e-07 -0.0226735479026 -398.718604385 0.0086911314234 30.3436333706 6 0.196838815018
 0.005 5 51.2592800968 41.4995736885 3.06215050464e-12 40.8398031437 173.063106211 0.0095002804147 3835.05266938 0.00151473447296 -0.002 -0.00173472100254 3.61779536167 2.13364259562 -5.82519333688e-07 -0.0168292278467 -296.519195312 0.00772662934618 41.1419703243 6 0.196838815018
 0.005 6 37.2971549452 25.9760181111 1.35000553027e-12 33.4760708899 128.337140403 0.00453810438667 2542.98488927 0.00385453135965 -1.60886394637e-19 -0.00262747421949 3.31369839537 1.76232995367 -4.49267242209e-07 -0.0154964654442 -257.126951079 0.00624557190986 49.3786829996 6 0.196838815018
 0.005 7 22.9340342608 18.5555402416 1.65251348306e-12 25.4693407916 79.9724193788 0.00238775340438 1144.29892492 0.00385453135965 -1.60886394637e-19 -0.00262747421949 3.61012231876 1.69740023573 -4.17436321812e-07 -0.0167967238649 -273.513195888 0.00583099812348 55.1414116037 6 0.196838815018
 0.005 8 19.9147054996 12.0130894747 9.06300818993e-13 15.6718129028 70.0165290904 0.00136141502847 1337.06579035 0.00151473449522 -1.06221027883e-19 -0.00173472103071 3.7045107321 1.70345051568 -4.38625349741e-07 -0.017137625723 -286.207031219 0.00581192680221 59.9156706193 6 0.196838815018
 0.005 9 16.870055728 7.84839440769 5.05023229431e-13 13.0768973178 59.1013752054 0.000828907239136 1150.87675408 0.00265905918385 -0.002 -0.00224818775638 3.62413616348 1.62618230851 -4.39648163443e-07 -0.0167019612313 -283.773771604 0.00550813554636 64.4926865504 6 0.196838815018
 0.005 10 12.797760572 5.70061134006 5.33539700738e-13 11.4955915247 45.3703211256 0.00053207284237 870.591987293 0.00507518475907 -1.78521129383e-19 -0.00291547129355 3.56328471015 1.50587275786 -4.19252162675e-07 -0.016395768599 -276.675604062 0.00501102283251 68.8729926785 6 0.196838815018
 0.01 11 10.7415345713 4.80162150296 3.83700674619e-13 8.80648826046 38.3607180658 0.000362298276163 749.476234285 0.000508839916987 -0.002 -0.000985638330458 3.54587780579 1.3889574529 -3.96204667423e-07 -0.0163037031776 -269.963799623 0.00450895518103 72.7369494296 6 0.196838815018
 0.01 12 9.40165756775 4.28356922438 2.36748251645e-13 6.92238508525 33.3101495478 0.00026495435637 712.030938268 -1.82058713655e-05 9.33220138747e-21 0.000152406414551 3.52802997132 1.27859084729 -3.75511189927e-07 -0.0161965275776 -263.452656685 0.00403103982448 75.7783232104 6 0.196838815018
 0.01 13 8.35831680209 3.90182978869 1.6509139584e-13 6.15191970352 29.3900732734 0.000208995555802 691.711431434 -1.82058713655e-05 9.33220138747e-21 0.000152406414551 3.49577864873 1.17490337098 -3.55301248667e-07 -0.0160121990574 -256.600894301 0.00358481174683 77.8652125194 6 0.196838815018
 0.01 14 8.02738259455 3.69934841061 1.33811432342e-13 5.70650391817 28.164700397 0.000174318148982 582.108783142 -1.82058713655e-05 9.33220138747e-21 0.000152406414551 3.46124332939 1.08486142673 -3.3452398702e-07 -0.0158228478873 -249.611858369 0.00319926164688 79.0935451979 6 0.196838815018
 0.01 15 8.08944102201 3.53905738709 1.22018307945e-13 5.41910721659 28.3662346986 0.000151623322222 529.39910746 0.000653609617539 -0.002 0.00320931538139 3.43077248325 1.01066866029 -3.13227691907e-07 -0.0156621190884 -242.8106935 0.00288299513608 79.7422791101 6 0.196838815018
 0.01 16 8.46268975722 3.4536599992 1.1199183164e-13 5.08158392535 29.6519244987 0.000136575400676 559.794467899 0.00151473449522 -1.06221027883e-19 -0.00173472103071 3.39937112072 0.947859722516 -2.91630618501e-07 -0.0155009747202 -236.264582212 0.00261820609502 80.1414075295 6 0.196838815018
 0.01 17 9.00528477407 3.39432260284 1.1208342891e-13 4.70431227229 31.5041929552 0.00012650880276 685.045121084 0.00151473449522 -1.06221027883e-19 -0.00173472103071 3.36313793634 0.891365397363 -2.69912226611e-07 -0.0153171459082 -229.888203359 0.00238415156288 80.5064593164 6 0.196838815018
 0.01 18 9.12465649386 3.33234360697 1.17316081426e-13 4.40736062468 31.8506492149 0.000119356130895 731.148545562 0.00151473449522 -1.06221027883e-19 -0.00173472103071 3.32285862846 0.838596325406 -2.483219211e-07 -0.0151133510172 -223.62987091 0.00216914406061 80.8523759067 6 0.196838815018
 0.01 19 8.87018299897 3.23317932633 1.16425724538e-13 4.13536069643 30.8999040601 0.000113722025965 712.784082072 0.00151473449522 -1.06221027883e-19 -0.00173472103071 3.28064380328 0.788743081528 -2.27201837556e-07 -0.0148981227827 -217.531228049 0.00196802112251 81.0239184851 6 0.196838815018
 0.01 20 8.44359472445 3.12978587268 1.09523222418e-13 3.90229980204 29.3654900654 0.000108917124195 648.201782109 0.00151473449522 -1.06221027883e-19 -0.00173472103071 3.23810107624 0.741788755587 -2.06974392528e-07 -0.0146781750655 -211.679858745 0.0017794422544 80.8232665755 6 0.196838815018
