-0.000020
0.000000
0.000669
-0.000016
0.000000
0.000547
-0.000020
0.000000
0.000669
-0.000016
0.000000
0.000547
-0.000017
0.000000
0.000563
-0.000017
0.000000
0.000563
-0.000018
0.000000
0.000592
-0.000018
0.000000
0.000592
-0.000019
0.000000
0.000630
-0.000019
0.000000
0.000630
-0.000020
0.000000
0.000665
-0.000020
0.000000
0.000665
-0.000021
0.000000
0.000703
-0.000021
0.000000
0.000703
-0.000022
0.000000
0.000741
-0.000022
0.000000
0.000741
-0.000023
0.000000
0.000777
-0.000023
0.000000
0.000777
-0.000024
0.000000
0.000816
-0.000024
0.000000
0.000816
-0.000026
0.000000
0.000862
-0.000026
0.000000
0.000862
-0.000027
0.000000
0.000897
-0.000027
0.000000
0.000897
-0.000027
0.000000
0.000909
-0.000027
0.000000
0.000909
-0.000026
0.000000
0.000922
-0.000026
0.000000
0.000922
-0.000020
0.000000
0.000949
-0.000020
0.000000
0.000949
-0.000009
0.000000
0.000920
-0.000009
0.000000
0.000920
0.000003
0.000000
0.000827
0.000003
0.000000
0.000827
0.000015
0.000000
0.000771
0.000015
0.000000
0.000771
0.000027
0.000000
0.000773
0.000027
0.000000
0.000773
0.000035
0.000000
0.000672
0.000035
0.000000
0.000672
0.000032
0.000000
0.000449
0.000032
0.000000
0.000449
0.000031
0.000000
0.000315
0.000031
0.000000
0.000315
0.000038
0.000000
0.000298
0.000038
0.000000
0.000298
0.000036
0.000000
0.000228
0.000036
0.000000
0.000228
0.000003
0.000000
0.000027
0.000003
0.000000
0.000027
-0.000071
-0.000000
-0.000236
-0.000071
-0.000000
-0.000236
-0.000184
-0.000000
-0.000465
-0.000184
-0.000000
-0.000465
-0.000022
0.000000
-0.000140
-0.000022
0.000000
-0.000140
0.000728
0.000000
0.000427
0.000728
0.000000
0.000427
0.001621
-0.000000
0.000222
0.001621
-0.000000
0.000222
-0.000024
0.000000
0.000797
-0.000024
0.000000
0.000797
-0.000025
0.000000
0.000818
-0.000025
0.000000
0.000818
-0.000026
0.000000
0.000865
-0.000026
0.000000
0.000865
-0.000027
0.000000
0.000903
-0.000027
0.000000
0.000903
-0.000028
0.000000
0.000929
-0.000028
0.000000
0.000929
-0.000029
0.000000
0.000975
-0.000029
0.000000
0.000975
-0.000030
0.000000
0.001007
-0.000030
0.000000
0.001007
-0.000030
0.000000
0.000994
-0.000030
0.000000
0.000994
-0.000029
0.000000
0.000981
-0.000029
0.000000
0.000981
-0.000030
0.000000
0.000984
-0.000030
0.000000
0.000984
-0.000030
0.000000
0.000993
-0.000030
0.000000
0.000993
-0.000030
0.000000
0.001005
-0.000030
0.000000
0.001005
-0.000031
0.000000
0.001020
-0.000031
0.000000
0.001020
-0.000031
0.000000
0.001022
-0.000031
0.000000
0.001022
-0.000031
0.000000
0.001020
-0.000031
0.000000
0.001020
-0.000031
0.000000
0.001021
-0.000031
0.000000
0.001021
-0.000031
0.000000
0.001028
-0.000031
0.000000
0.001028
-0.000031
0.000000
0.001036
-0.000031
0.000000
0.001036
-0.000031
0.000000
0.001036
-0.000031
0.000000
0.001036
-0.000031
0.000000
0.001035
-0.000031
0.000000
0.001035
-0.000031
0.000000
0.001037
-0.000031
0.000000
0.001037
-0.000031
0.000000
0.001039
-0.000031
0.000000
0.001039
-0.000031
0.000000
0.001039
-0.000031
0.000000
0.001039
-0.000031
0.000000
0.001038
-0.000031
0.000000
0.001038
-0.000031
0.000000
0.001048
-0.000031
0.000000
0.001048
-0.000032
0.000000
0.001056
-0.000032
0.000000
0.001056
-0.000032
0.000000
0.001058
-0.000032
0.000000
0.001058
-0.000032
0.000000
0.001056
-0.000032
0.000000
0.001056
-0.000032
0.000000
0.001055
-0.000032
0.000000
0.001055
-0.000032
0.000000
0.001061
-0.000032
0.000000
0.001061
-0.000032
0.000000
0.001066
-0.000032
0.000000
0.001066
-0.000032
0.000000
0.001064
-0.000032
0.000000
0.001064
-0.000032
0.000000
0.001070
-0.000032
0.000000
0.001070
-0.000033
0.000000
0.001088
-0.000033
0.000000
0.001088
-0.000033
0.000000
0.001100
-0.000033
0.000000
0.001100
-0.000034
0.000000
0.001120
-0.000034
0.000000
0.001120
-0.000035
0.000000
0.001156
-0.000035
0.000000
0.001156
-0.000036
0.000000
0.001189
-0.000036
0.000000
0.001189
-0.000037
0.000000
0.001222
-0.000037
0.000000
0.001222
-0.000038
0.000000
0.001282
-0.000038
0.000000
0.001282
-0.000041
0.000000
0.001365
-0.000041
0.000000
0.001365
-0.000043
0.000000
0.001449
-0.000043
0.000000
0.001449
-0.000047
0.000000
0.001552
-0.000047
0.000000
0.001552
-0.000048
0.000000
0.001606
-0.000048
0.000000
0.001606
-0.000048
0.000000
0.001585
-0.000048
0.000000
0.001585
-0.000047
0.000000
0.001557
-0.000047
0.000000
0.001557
-0.000046
0.000000
0.001543
-0.000046
0.000000
0.001543
-0.000040
0.000000
0.001409
-0.000040
0.000000
0.001409
0.000014
0.000000
0.001174
0.000014
0.000000
0.001174
0.001316
-0.000000
-0.000190
0.001316
-0.000000
-0.000190
0.000185
-0.000000
-0.000033
0.000185
-0.000000
-0.000033
-0.000171
0.000000
0.000120
-0.000171
0.000000
0.000120
-0.000100
0.000000
0.000103
-0.000100
0.000000
0.000103
-0.000161
0.000000
0.000197
-0.000161
0.000000
0.000197
-0.000203
0.000000
0.000286
-0.000203
0.000000
0.000286
-0.000173
0.000000
0.000272
-0.000173
0.000000
0.000272
-0.000115
0.000000
0.000205
-0.000115
0.000000
0.000205
-0.000049
0.000000
0.000091
-0.000049
0.000000
0.000091
0.000048
-0.000000
-0.000109
0.000048
-0.000000
-0.000109
0.000087
-0.000000
-0.000205
0.000087
-0.000000
-0.000205
0.000075
-0.000000
-0.000193
0.000075
-0.000000
-0.000193
0.000097
-0.000000
-0.000273
0.000097
-0.000000
-0.000273
0.000141
-0.000000
-0.000428
0.000141
-0.000000
-0.000428
0.000136
-0.000000
-0.000443
0.000136
-0.000000
-0.000443
0.000101
-0.000000
-0.000354
0.000101
-0.000000
-0.000354
0.000089
-0.000000
-0.000344
0.000089
-0.000000
-0.000344
0.000094
-0.000000
-0.000395
0.000094
-0.000000
-0.000395
0.000080
-0.000000
-0.000357
0.000080
-0.000000
-0.000357
0.000049
-0.000000
-0.000242
0.000049
-0.000000
-0.000242
0.000034
-0.000000
-0.000189
0.000034
-0.000000
-0.000189
0.000029
-0.000000
-0.000178
0.000029
-0.000000
-0.000178
0.000018
-0.000000
-0.000121
0.000018
-0.000000
-0.000121
0.000005
0.000000
-0.000033
0.000005
0.000000
-0.000033
-0.000003
-0.000000
0.000026
-0.000003
-0.000000
0.000026
-0.000004
-0.000000
0.000046
-0.000004
-0.000000
0.000046
-0.000004
-0.000000
0.000062
-0.000004
-0.000000
0.000062
-0.000004
-0.000000
0.000091
-0.000004
-0.000000
0.000091
-0.000004
-0.000000
0.000119
-0.000004
-0.000000
0.000119
-0.000002
-0.000000
0.000151
-0.000002
-0.000000
0.000151
0.000001
-0.000000
0.000173
0.000001
-0.000000
0.000173
0.000003
-0.000000
0.000172
0.000003
-0.000000
0.000172
0.000007
-0.000000
0.000167
0.000007
-0.000000
0.000167
0.000008
-0.000000
0.000167
0.000008
-0.000000
0.000167
0.000011
-0.000000
0.000216
0.000011
-0.000000
0.000216
0.000015
-0.000000
0.000297
0.000015
-0.000000
0.000297
0.000019
-0.000000
0.000377
0.000019
-0.000000
0.000377
0.000025
-0.000000
0.000480
0.000025
-0.000000
0.000480
0.000034
-0.000000
0.000665
0.000034
-0.000000
0.000665
0.000047
-0.000000
0.000921
0.000047
-0.000000
0.000921
0.000062
-0.000000
0.001209
0.000062
-0.000000
0.001209
0.000076
-0.000000
0.001470
0.000076
-0.000000
0.001470
0.000084
-0.000000
0.001635
0.000084
-0.000000
0.001635
0.000090
-0.000000
0.001742
0.000090
-0.000000
0.001742
0.000095
-0.000000
0.001849
0.000095
-0.000000
0.001849
0.000102
-0.000000
0.001978
0.000102
-0.000000
0.001978
0.000106
-0.000000
0.002066
0.000106
-0.000000
0.002066
0.000108
-0.000000
0.002092
0.000108
-0.000000
0.002092
0.000109
-0.000000
0.002124
0.000109
-0.000000
0.002124
0.000112
-0.000000
0.002178
0.000112
-0.000000
0.002178
0.000114
-0.000000
0.002219
0.000114
-0.000000
0.002219
0.000115
-0.000000
0.002235
0.000115
-0.000000
0.002235
0.000116
-0.000000
0.002250
0.000116
-0.000000
0.002250
0.000117
-0.000000
0.002270
0.000117
-0.000000
0.002270
0.000117
-0.000000
0.002281
0.000117
-0.000000
0.002281
0.000117
-0.000000
0.002283
0.000117
-0.000000
0.002283
0.000118
-0.000000
0.002291
0.000118
-0.000000
0.002291
0.000118
-0.000000
0.002298
0.000118
-0.000000
0.002298
0.000118
-0.000000
0.002292
0.000118
-0.000000
0.002292
0.000118
-0.000000
0.002289
0.000118
-0.000000
0.002289
0.000118
-0.000000
0.002305
0.000118
-0.000000
0.002305
0.000120
-0.000000
0.002331
0.000120
-0.000000
0.002331
0.000121
-0.000000
0.002346
0.000121
-0.000000
0.002346
0.000121
-0.000000
0.002350
0.000121
-0.000000
0.002350
0.000123
-0.000000
0.002389
0.000123
-0.000000
0.002389
0.000126
-0.000000
0.002452
0.000126
-0.000000
0.002452
0.000128
-0.000000
0.002488
0.000128
-0.000000
0.002488
0.000130
-0.000000
0.002523
0.000130
-0.000000
0.002523
0.000135
-0.000000
0.002632
0.000135
-0.000000
0.002632
0.000144
-0.000000
0.002800
0.000144
-0.000000
0.002800
0.000152
-0.000000
0.002962
0.000152
-0.000000
0.002962
0.000162
-0.000000
0.003159
0.000162
-0.000000
0.003159
0.000170
-0.000000
0.003315
0.000170
-0.000000
0.003315
0.000166
-0.000000
0.003236
0.000166
-0.000000
0.003236
0.000166
-0.000000
0.003235
0.000166
-0.000000
0.003235
0.000177
-0.000000
0.003438
0.000177
-0.000000
0.003438
0.000164
-0.000000
0.003185
0.000164
-0.000000
0.003185
0.000525
-0.000000
0.002797
0.000525
-0.000000
0.002797
0.000057
0.000000
0.000973
0.000057
0.000000
0.000973
0.000046
0.000000
0.000774
0.000046
0.000000
0.000774
0.000035
0.000000
0.000599
0.000035
0.000000
0.000599
0.000027
0.000000
0.000456
0.000027
0.000000
0.000456
0.000021
0.000000
0.000348
0.000021
0.000000
0.000348
0.000015
0.000000
0.000254
0.000015
0.000000
0.000254
0.000010
0.000000
0.000166
0.000010
0.000000
0.000166
0.000006
0.000000
0.000098
0.000006
0.000000
0.000098
0.000003
0.000000
0.000048
0.000003
0.000000
0.000048
0.000000
0.000000
0.000003
0.000000
0.000000
0.000003
-0.000001
0.000000
-0.000015
-0.000001
0.000000
-0.000015
0.000001
0.000000
0.000010
0.000001
0.000000
0.000010
0.000001
0.000000
0.000019
0.000001
0.000000
0.000019
0.000001
0.000000
0.000012
0.000001
0.000000
0.000012
0.000003
0.000000
0.000046
0.000003
0.000000
0.000046
0.000004
0.000000
0.000074
0.000004
0.000000
0.000074
-0.000000
0.000000
-0.000005
-0.000000
0.000000
-0.000005
-0.000007
-0.000000
-0.000114
-0.000007
-0.000000
-0.000114
0.000024
0.000000
0.000010
0.000024
0.000000
0.000010
0.000835
-0.000000
0.002520
0.000835
-0.000000
0.002520
0.000641
-0.000000
0.001915
0.000641
-0.000000
0.001915
0.000437
0.000000
0.001307
0.000437
0.000000
0.001307
0.000305
0.000000
0.000912
0.000305
0.000000
0.000912
0.000230
0.000000
0.000688
0.000230
0.000000
0.000688
0.000177
0.000000
0.000528
0.000177
0.000000
0.000528
0.000114
0.000000
0.000340
0.000114
0.000000
0.000340
0.000063
0.000000
0.000187
0.000063
0.000000
0.000187
0.000032
-0.000000
0.000096
0.000032
-0.000000
0.000096
0.000004
-0.000000
0.000011
0.000004
-0.000000
0.000011
-0.000002
0.000000
-0.000006
-0.000002
0.000000
-0.000006
0.000025
-0.000000
0.000076
0.000025
-0.000000
0.000076
0.000051
-0.000000
0.000151
0.000051
-0.000000
0.000151
0.000069
-0.000000
0.000207
0.000069
-0.000000
0.000207
0.000075
-0.000000
0.000224
0.000075
-0.000000
0.000224
0.000065
-0.000000
0.000194
0.000065
-0.000000
0.000194
0.000051
-0.000000
0.000154
0.000051
-0.000000
0.000154
0.000052
-0.000000
0.000155
0.000052
-0.000000
0.000155
