#tecplot ASCII: /media/inigo/10740FB2740F9A1C/simulations/MembraneWing/tau_only/Outputs/airfoilSol.monitor.tmp.dat
### Reference values ##################################
# Reynolds_length       = 0.225
# Reference density     = 1.23657
# Reference temperature = 293.15
# Reference pressure    = 104059
# Speed of sound        = 343.238
# Angle alpha (degree)  = 6
# Angle beta (degree)   = 0
# Gas constant          = 287.06
### Initial values ####################################
# Reference Mach number = 0.11658
# Reference velocity    = 40.0147
### Geometric values ##################################
# Grid scale            = 1
# Relation area         = 0.00045
### Global values #####################################
# adaptation_level      =    0
# dimless_pointdata     =    0
# ndomains              =    1
#######################################################
TITLE="Monitoring file: /media/inigo/10740FB2740F9A1C/simulations/MembraneWing/tau_only/Outputs/airfoilSol.monitor.tmp.dat"
VARIABLES= "thistime" "Inner-iter" "Rrho" "Rrhovx" "Rrhovy" "Rrhovz" "RrhoE" "Rrhonue" "Max-Rrho" "X-max-Rrho" "Y-max-Rrho" "Z-max-Rrho" "C-lift" "C-drag" "C-sidef" "C-mx" "C-my" "C-mz" "Max-y+" "Angle-a" "MF(OUTLET)"

 0.005 1 165.016261784 268.032487642 1.9755774653e-11 78.3751896202 571.811025251 0.530685955545 8338.97496799 0.000508839916987 -0.002 -0.000985638330458 0.76829598158 0.586457693154 -5.85993976776e-08 -0.00364936557299 -61.3050031162 0.00223550803546 27.5425328646 6 0.196838815018
 0.005 2 145.949561862 143.790852999 1.05292190552e-11 37.9947675798 496.708543851 0.167784892117 7325.89185401 0.00151473449522 -1.06221027883e-19 -0.00173472103071 2.99075699315 1.35612003975 -2.8631764002e-07 -0.0137870622059 -235.913569453 0.00460268016101 25.8649719463 6 0.196838815018
 0.005 3 119.10157464 90.5852318905 9.77284973907e-12 42.8416109275 405.343296149 0.0575907013024 6531.06739193 0.00151473447296 -0.002 -0.00173472100254 4.94024729547 2.16582277553 -5.37010220853e-07 -0.0226766777744 -391.577138445 0.0072682096514 24.8107351867 6 0.196838815018
 0.005 4 80.7468834149 66.1625586612 8.00916949444e-12 47.6095070547 274.340966204 0.0220922945297 5424.30110617 0.00151473447296 -0.002 -0.00173472100254 4.92926203968 2.48998227896 -6.67954559203e-07 -0.0226735479026 -398.718604385 0.0086911314234 30.3436333706 6 0.196838815018
 0.005 5 51.2592800968 41.4995736885 3.06215050464e-12 40.8398031437 173.063106211 0.0095002804147 3835.05266938 0.00151473447296 -0.002 -0.00173472100254 3.61779536167 2.13364259562 -5.82519333688e-07 -0.0168292278467 -296.519195312 0.00772662934618 41.1419703243 6 0.196838815018
 0.005 6 37.2971549452 25.9760181111 1.35000553027e-12 33.4760708899 128.337140403 0.00453810438667 2542.98488927 0.00385453135965 -1.60886394637e-19 -0.00262747421949 3.31369839537 1.76232995367 -4.49267242209e-07 -0.0154964654442 -257.126951079 0.00624557190986 49.3786829996 6 0.196838815018
 0.005 7 22.9340342608 18.5555402416 1.65251348306e-12 25.4693407916 79.9724193788 0.00238775340438 1144.29892492 0.00385453135965 -1.60886394637e-19 -0.00262747421949 3.61012231876 1.69740023573 -4.17436321812e-07 -0.0167967238649 -273.513195888 0.00583099812348 55.1414116037 6 0.196838815018
 0.005 8 19.9147054996 12.0130894747 9.06300818993e-13 15.6718129028 70.0165290904 0.00136141502847 1337.06579035 0.00151473449522 -1.06221027883e-19 -0.00173472103071 3.7045107321 1.70345051568 -4.38625349741e-07 -0.017137625723 -286.207031219 0.00581192680221 59.9156706193 6 0.196838815018
 0.005 9 16.870055728 7.84839440769 5.05023229431e-13 13.0768973178 59.1013752054 0.000828907239136 1150.87675408 0.00265905918385 -0.002 -0.00224818775638 3.62413616348 1.62618230851 -4.39648163443e-07 -0.0167019612313 -283.773771604 0.00550813554636 64.4926865504 6 0.196838815018
 0.005 10 12.797760572 5.70061134006 5.33539700738e-13 11.4955915247 45.3703211256 0.00053207284237 870.591987293 0.00507518475907 -1.78521129383e-19 -0.00291547129355 3.56328471015 1.50587275786 -4.19252162675e-07 -0.016395768599 -276.675604062 0.00501102283251 68.8729926785 6 0.196838815018
 0.005 11 10.7417564281 4.80118690218 3.83641565436e-13 8.80654836233 38.3614312346 0.000361928677509 749.481684538 0.000508839916987 -0.002 -0.000985638330458 3.54587304516 1.38896035922 -3.96204699181e-07 -0.016303683688 -269.963579278 0.00450896948384 72.7369511623 6 0.196838815018
 0.005 12 9.3995759484 4.28316177352 2.36750761023e-13 6.92209754371 33.3029424273 0.000264628715572 711.848521648 -1.82058713655e-05 9.33220138747e-21 0.000152406414551 3.52805916766 1.27869038706 -3.75526619887e-07 -0.0161967077958 -263.458196644 0.00403145558116 75.7776216133 6 0.196838815018
 0.005 13 8.34962957582 3.90151366806 1.65067816839e-13 6.15043018447 29.3600952159 0.000208686555737 690.781253244 -1.82058713655e-05 9.33220138747e-21 0.000152406414551 3.49595441981 1.17535861029 -3.55379552122e-07 -0.0160132074808 -256.629655361 0.00358670161255 77.8640870646 6 0.196838815018
 0.005 14 8.01043912888 3.69853459423 1.3377272506e-13 5.70201932421 28.1062369886 0.000174019108904 579.76255942 -1.82058713655e-05 9.33220138747e-21 0.000152406414551 3.46171688502 1.08602994509 -3.34733712285e-07 -0.0158255242409 -249.688286123 0.00320411608172 79.0925845312 6 0.196838815018
 0.005 15 8.06853878122 3.537555247 1.21981401265e-13 5.41009461978 28.2940005714 0.000151325233861 527.341307957 0.000653609617539 -0.002 0.00320931538139 3.43170928451 1.01284918646 -3.1363063486e-07 -0.0156673152724 -242.958945577 0.00289205162114 79.7424754213 6 0.196838815018
 0.005 16 8.44187980751 3.45294588881 1.11744140269e-13 5.06793570001 29.5801604335 0.000136280313466 558.883472687 0.00151473449522 -1.06221027883e-19 -0.00173472103071 3.40088272745 0.951172002503 -2.92259199847e-07 -0.0155092029283 -236.500694724 0.00263194925981 80.1440513525 6 0.196838815018
 0.005 17 8.9866278013 3.39514067118 1.11744609301e-13 4.68653740718 31.4405182955 0.000126223437349 684.055902939 0.00151473449522 -1.06221027883e-19 -0.00173472103071 3.36525735389 0.895774709727 -2.7077127518e-07 -0.0153285008275 -230.219178335 0.00240242039234 80.5128500815 6 0.196838815018
 0.005 18 9.10854818276 3.33358178972 1.17038151252e-13 4.38722186375 31.79637893 0.000119078560382 730.096510179 0.00151473449522 -1.06221027883e-19 -0.00173472103071 3.32555974619 0.844005437563 -2.49400887718e-07 -0.015127648701 -224.056026956 0.00219152475024 80.8636107292 6 0.196838815018
 0.005 19 8.85630093636 3.23395550134 1.16036202124e-13 4.11532615592 30.8534891262 0.000113449628345 711.551228973 0.00151473449522 -1.06221027883e-19 -0.00173472103071 3.28386601972 0.795037981895 -2.28482629503e-07 -0.0149150350389 -218.048411377 0.00199404247208 81.0409469628 6 0.196838815018
 0.005 20 8.43101074129 3.13017744144 1.0905345007e-13 3.88462873698 29.3232052416 0.000108645548749 646.594970962 0.00151473449522 -1.06221027883e-19 -0.00173472103071 3.24176827823 0.748840713598 -2.08434969197e-07 -0.0146973144376 -212.281033363 0.00180857534656 80.8472576015 6 0.196838815018
 0.005 21 7.91164077059 3.04925309573 1.00130062236e-13 3.71062640263 27.4785582272 0.000104429361139 542.260718165 0.00151473449522 -1.06221027883e-19 -0.00173472103071 3.20009612855 0.70583216888 -1.89751959051e-07 -0.0144795320706 -206.806185275 0.00163660525521 80.1559689993 6 0.196838815018
 0.005 22 7.36409003795 2.98155093944 9.41070220306e-14 3.58031728526 25.5534862083 0.000100717112664 524.797229883 0.00630826386781 -1.92547220398e-19 -0.00314453474311 3.15880726608 0.66659879976 -1.72923203002e-07 -0.0142636865285 -201.604605477 0.00148083096722 78.9526422945 6 0.196838815018
 0.005 23 6.84003706636 2.91774023951 9.35505006451e-14 3.47947841279 23.7353005784 9.74974240839e-05 485.775510171 0.00630826386781 -1.92547220398e-19 -0.00314453474311 3.1174077023 0.631378914947 -1.58272835411e-07 -0.0140493499665 -196.612432645 0.00134257298404 77.2974588876 6 0.196838815018
 0.005 24 6.35816893715 2.86610558377 9.81343633391e-14 3.39319774088 22.09039182 9.46125327488e-05 445.999402154 0.00630826384901 -0.002 -0.00314453471353 3.07592563008 0.599680441258 -1.4584015201e-07 -0.0138377603728 -191.779918687 0.00121985541542 75.2568680734 6 0.196838815018
 0.005 25 5.95731816072 2.83437372476 1.05119509787e-13 3.30254273522 20.7457955645 9.19296289664e-05 380.886000608 0.00630826384901 -0.002 -0.00314453471353 3.03520241237 0.570560486148 -1.35448143795e-07 -0.0136332135618 -187.100490883 0.00110833100024 72.8555148478 6 0.196838815018
 0.005 26 5.69067822486 2.81640980453 1.12113414313e-13 3.20087969293 19.8741550179 8.94247259666e-05 318.108612256 8.92234333357e-05 -0.002 0.00173101671763 2.99594617529 0.543413537091 -1.26892245024e-07 -0.0134390849954 -182.57794497 0.00100495720353 70.076631479 6 0.196838815018
 0.005 27 5.55449341602 2.79986428997 1.17512358726e-13 3.10046781945 19.4512593251 8.71726332589e-05 294.966481823 8.92234333357e-05 -0.002 0.00173101671763 2.95750360871 0.518496854046 -1.20076738909e-07 -0.0132526584458 -178.170775429 0.00091109876053 66.9117855234 6 0.196838815018
 0.005 28 5.4641573699 2.77725269876 1.21028989872e-13 3.01765404374 19.177307412 8.52938919383e-05 315.045410208 -1.82058713655e-05 9.33220138747e-21 0.000152406414551 2.91772074853 0.496845285383 -1.15018077793e-07 -0.0130646881193 -173.781585085 0.000832383337553 63.411217376 6 0.196838815018
 0.005 29 5.32589813271 2.74515355211 1.22981474968e-13 2.95350430365 18.7245152926 8.38576014861e-05 347.814393996 -1.82058713655e-05 9.33220138747e-21 0.000152406414551 2.87420370101 0.479721422754 -1.11706865844e-07 -0.0128649390568 -169.309249755 0.000775739253416 59.7072154174 6 0.196838815018
 0.005 30 5.1089081639 2.70659558946 1.23706237358e-13 2.89030338356 17.9853152922 8.27866557823e-05 339.001744265 -1.82058713655e-05 9.33220138747e-21 0.000152406414551 2.8258517975 0.467907238177 -1.09948209334e-07 -0.0126487975254 -164.716100617 0.000745384618492 56.0037846203 6 0.196838815018
 0.005 31 4.84368733988 2.67006224437 1.23555318292e-13 2.80217522352 17.0667408651 8.18885306403e-05 317.874478513 0.00385453135965 -1.60886394637e-19 -0.00262747421949 2.77341363152 0.461269159319 -1.09316970615e-07 -0.0124195668692 -160.054739273 0.000740508501327 52.5606800586 6 0.196838815018
 0.005 32 4.58177621193 2.64312258215 1.22879072345e-13 2.6704501408 16.1503419295 8.09880591144e-05 293.162091205 0.00385453135965 -1.60886394637e-19 -0.00262747421949 2.71886067833 0.458774743099 -1.09238785823e-07 -0.0121854640838 -155.436198493 0.000755494699928 49.6391637984 6 0.196838815018
 0.005 33 4.37007864347 2.62298826192 1.22049638827e-13 2.49460689131 15.4012787289 8.00139122954e-05 239.159984964 0.00385453135965 -1.60886394637e-19 -0.00262747421949 2.6641479015 0.458856094391 -1.09141922858e-07 -0.0119540970137 -150.961801996 0.000782216104517 47.3871777524 6 0.196838815018
 0.005 34 4.24225403594 2.59942544524 1.20235229867e-13 2.29557066788 14.9373075499 7.89523622785e-05 219.039786674 8.92234333357e-05 -0.002 0.00173101671763 2.61014584942 0.459843408171 -1.08599150066e-07 -0.0117279546604 -146.661989157 0.000812655624986 45.8908065058 6 0.196838815018
 0.005 35 4.20505444394 2.56357446987 1.17375412902e-13 2.1076613129 14.7826761094 7.77878967964e-05 214.93409885 8.92234333357e-05 -0.002 0.00173101671763 2.55628527736 0.46032234716 -1.07409428636e-07 -0.0115031992743 -142.476877685 0.000840715476851 45.1338788094 6 0.196838815018
 0.005 36 4.22746578465 2.51213968598 1.13713275753e-13 1.96316938237 14.8321127658 7.64907281992e-05 223.436844045 0.224488615157 -0.002 0.000171106974903 2.50091699268 0.459344849324 -1.05599583576e-07 -0.0112715151972 -138.282563199 0.000862913660997 45.0079890248 6 0.196838815018
 0.005 37 4.25251637488 2.44974671422 1.09692959677e-13 1.87443987396 14.8915249155 7.50719982651e-05 246.098315452 0.00151473447296 -0.002 -0.00173472100254 2.44209233256 0.456453575239 -1.03348717873e-07 -0.0110236555999 -133.941621981 0.000878116409398 45.3435385018 6 0.196838815018
 0.005 38 4.22459341881 2.38524667877 1.06782997399e-13 1.82894005099 14.7709336496 7.36126443598e-05 253.820979799 0.00151473447296 -0.002 -0.00173472100254 2.37843059697 0.451568970077 -1.00867522083e-07 -0.0107532236456 -129.354367693 0.000886634102505 45.9513570589 6 0.196838815018
 0.005 39 4.11148522537 2.3264882597 1.05723331209e-13 1.80169552788 14.3600876246 7.22398054989e-05 233.98142234 0.00151473447296 -0.002 -0.00173472100254 2.30974012634 0.44487608538 -9.83069250624e-08 -0.0104593375802 -124.495974077 0.000889393139402 46.6617697162 6 0.196838815018
 0.005 40 3.91264981532 2.2780404907 1.06552387996e-13 1.77190757946 13.6575349334 7.10513160963e-05 250.221187882 0.00385453135965 -1.60886394637e-19 -0.00262747421949 2.23722053482 0.436737232953 -9.57190380355e-08 -0.0101473592528 -119.429238005 0.000887441440653 47.3402715682 6 0.196838815018
 0.005 41 3.65899552862 2.24065455618 1.08830708937e-13 1.72887634457 12.7715346305 7.00874922593e-05 247.925904371 0.00385453135965 -1.60886394637e-19 -0.00262747421949 2.16321132726 0.427630572012 -9.30659909441e-08 -0.00982764826381 -114.290065548 0.000881811081317 47.8895063743 6 0.196838815018
 0.005 42 3.40694105847 2.21061093687 1.12171873131e-13 1.67052596087 11.8995332234 6.93262067107e-05 223.86050761 0.00385453135965 -1.60886394637e-19 -0.00262747421949 2.09059629527 0.418067567324 -9.02541671967e-08 -0.00951286089544 -109.251077573 0.00087343757966 48.2443871691 6 0.196838815018
 0.005 43 3.21833220794 2.18302902381 1.16572841476e-13 1.60186458453 11.2567184654 6.8705404784e-05 182.892467393 0.00385453135965 -1.60886394637e-19 -0.00262747421949 2.02205238051 0.408496290289 -8.71765457516e-08 -0.00921463667736 -104.475128751 0.000863078879163 48.3641537525 6 0.196838815018
 0.005 44 3.12733194194 2.15444739712 1.21730707823e-13 1.53507599448 10.9575083741 6.8131491736e-05 155.87808195 0.00257292358288 3.49912366876e-19 0.0057145026161 1.95938226909 0.399250256819 -8.37680812279e-08 -0.00894070460348 -100.074650087 0.000851386309863 48.2299341965 6 0.196838815018
 0.005 45 3.11681082969 2.12301557343 1.27215084619e-13 1.48654497381 10.935050916 6.74932396858e-05 164.15297108 0.00257292358288 3.49912366876e-19 0.0057145026161 1.90315660692 0.390520642921 -8.00427433787e-08 -0.00869333231808 -96.0879819462 0.000838956151987 47.8417429731 6 0.196838815018
 0.005 46 3.13230361027 2.09011273005 1.32343967654e-13 1.46971243748 10.9952614894 6.66925350435e-05 157.251203395 0.00257292358288 3.49912366876e-19 0.0057145026161 1.85270007486 0.382339786981 -7.60970203338e-08 -0.00846930954315 -92.4747635982 0.000826259164498 47.2187429007 6 0.196838815018
 0.005 47 3.11854783093 2.05813335467 1.3651542308e-13 1.48586589552 10.946322419 6.56925793218e-05 150.275948417 -1.82058713655e-05 9.33220138747e-21 0.000152406414551 1.80637798045 0.374576313657 -7.207607814e-08 -0.00826124000156 -89.1281701354 0.000813484457547 46.3969554857 6 0.196838815018
 0.005 48 3.04602922064 2.02889263945 1.39020822966e-13 1.52192761723 10.6889793976 6.45426261948e-05 148.008524601 0.000508839909976 -6.03529455518e-20 -0.000985638399477 1.76204342605 0.366945711198 -6.81224566157e-08 -0.00805950638153 -85.8989803471 0.00080038163279 45.4241323035 6 0.196838815018
 0.005 49 2.91736687252 2.00239104283 1.39782165757e-13 1.55686216644 10.2360871297 6.33708137292e-05 151.2937096 0.000508839909976 -6.03529455518e-20 -0.000985638399477 1.71752183172 0.359049700907 -6.43363550664e-08 -0.00785445466806 -82.6268273218 0.000786205980409 44.3544867604 6 0.196838815018
 0.005 50 2.75997227377 1.97705298875 1.38857704278e-13 1.57130310966 9.68523911922 6.23386584764e-05 142.259168223 0.224491070157 2.18680490194e-19 3.00503900036e-05 1.67106227201 0.350457308049 -6.0762436395e-08 -0.00763843088147 -79.1737922092 0.000769877276651 43.2417507713 6 0.196838815018
 0.005 51 2.61057554985 1.95071773676 1.36671815066e-13 1.55344781737 9.16441150124 6.15733660877e-05 126.963801677 0.224491070157 2.18680490194e-19 3.00503900036e-05 1.62167469056 0.340818508071 -5.74021736023e-08 -0.00740730329851 -75.4545667575 0.00075033098285 42.1343432569 6 0.196838815018
 0.005 52 2.49646328122 1.92208808279 1.33273730681e-13 1.50127573338 8.76672871509 6.11266411526e-05 104.657330853 0.000653609617539 -0.002 0.00320931538139 1.56928333812 0.329956632784 -5.42277079837e-08 -0.00716111561992 -71.4545859123 0.000726835570029 41.0721219861 6 0.196838815018
 0.005 53 2.42204514795 1.89137142631 1.28747294915e-13 1.42147398062 8.50539681461 6.09727125471e-05 108.592686984 0.00257292358288 3.49912366876e-19 0.0057145026161 1.51465255958 0.317925377982 -5.11980346722e-08 -0.00690371657608 -67.232603353 0.00069926817937 40.0837042528 6 0.196838815018
 0.005 54 2.37103999778 1.85958826541 1.2279078764e-13 1.32689878094 8.32259248891 6.10436410465e-05 127.324571048 0.00257292358288 3.49912366876e-19 0.0057145026161 1.4591295911 0.30501871892 -4.82825324438e-08 -0.00664158070339 -62.9078705911 0.000668278894254 39.1861735734 6 0.196838815018
 0.005 55 2.32202858805 1.8279138573 1.15695530996e-13 1.2335385544 8.14388665842 6.12654684509e-05 131.743515835 0.00257292358288 3.49912366876e-19 0.0057145026161 1.40430673691 0.291714574735 -4.54765737362e-08 -0.00638228595188 -58.6347511792 0.000635198664025 38.3869999705 6 0.196838815018
 0.005 56 2.26313671272 1.79712768082 1.08100100458e-13 1.15714944809 7.9289442495 6.15774762189e-05 122.209271321 0.00257292358288 3.49912366876e-19 0.0057145026161 1.35166349429 0.278568719129 -4.27988038521e-08 -0.00613289811288 -54.5704909583 0.000601735889317 37.7217925645 6 0.196838815018
 0.005 57 2.19657898901 1.76744468321 1.01591514024e-13 1.10897976776 7.68718928351 6.19286483752e-05 100.632249605 0.00257292358288 3.49912366876e-19 0.0057145026161 1.30225318882 0.266094860665 -4.0280568287e-08 -0.0058985460264 -50.8442318916 0.000569605602173 37.4291656826 6 0.196838815018
 0.005 58 2.13370298311 1.73890504115 9.76710877139e-14 1.09234900956 7.4602676773 6.22652993461e-05 108.537392761 0.00768385139172 -0.002 0.00941831191537 1.25654784392 0.254664100506 -3.79543002502e-08 -0.00568169918648 -47.535572025 0.000540178664332 37.2072888898 6 0.196838815018
 0.005 59 2.08509029821 1.71159663252 9.7289472292e-14 1.10145627116 7.2869135863 6.25237293597e-05 110.584013402 0.00768385139172 -0.002 0.00941831191537 1.21446512477 0.244445304598 -3.58418510659e-08 -0.00548226654363 -44.6673343393 0.000514214484268 37.0208125618 6 0.196838815018
 0.005 60 2.05322939007 1.68539152297 1.00022727094e-13 1.12468806041 7.17657273561 6.26333881714e-05 102.158791342 0.00768385139172 -0.002 0.00941831191537 1.1755004477 0.235394664864 -3.394351518e-08 -0.00529817972169 -42.2107821222 0.000491757593543 36.8283075358 6 0.196838815018
 0.005 61 2.03192353214 1.6602677251 1.04616563479e-13 1.15036860575 7.10704394506 6.25372713771e-05 84.6765942634 0.00768385139172 -0.002 0.00941831191537 1.13892490172 0.227293853928 -3.22352406304e-08 -0.00512627039933 -40.1000912865 0.000472215959825 36.5835263424 6 0.196838815018
 0.005 62 2.01121008126 1.63633695168 1.09667285526e-13 1.17176190645 7.04204950684 6.22034547869e-05 74.251358458 0.224491070157 2.18680490194e-19 3.00503900036e-05 1.10396083417 0.219818330292 -3.06736953009e-08 -0.00496308096904 -38.2500439671 0.000454571868254 36.2369414447 6 0.196838815018
 0.005 63 1.98297207523 1.61386242008 1.14580713843e-13 1.18920336573 6.95147096905 6.16288994205e-05 76.8662271551 -1.82058713655e-05 9.33220138747e-21 0.000152406414551 1.06990385946 0.21261080594 -2.92037833344e-08 -0.00480542663094 -36.5726449699 0.000437640003413 35.7374375924 6 0.196838815018
 0.005 64 1.94438566425 1.59287597688 1.18559724581e-13 1.20873545142 6.8238309786 6.08354974169e-05 76.4613103547 -1.82058713655e-05 9.33220138747e-21 0.000152406414551 1.03621219681 0.20534952512 -2.77674985797e-08 -0.00465079214545 -34.990761746 0.000420319602996 35.0363636444 6 0.196838815018
 0.005 65 1.89842631084 1.57321313034 1.21549510257e-13 1.23807866744 6.66818525511 5.98598940583e-05 73.7999032826 0.0555217683726 1.27424795279e-17 0.0166403963836 1.00253929956 0.197800057486 -2.6312975935e-08 -0.00449748619215 -33.4468644056 0.000401797889681 34.0867998384 6 0.196838815018
 0.005 66 1.85225522065 1.55441426606 1.2299510624e-13 1.28156423837 6.50855088357 5.87439772561e-05 71.3655322014 0.0555217683726 1.27424795279e-17 0.0166403963836 0.968699030056 0.189847984923 -2.48065539474e-08 -0.00434451657631 -31.9058013816 0.000381703654016 32.8442652464 6 0.196838815018
 0.005 67 1.81440455796 1.53591795018 1.23063171737e-13 1.3369244596 6.37438478076 5.75317193263e-05 69.7788460628 0.0975387350594 1.26704338137e-17 0.0144807996639 0.934611308259 0.181504101693 -2.32383417372e-08 -0.00419138715617 -30.3528800203 0.000360149354052 31.2646156693 6 0.196838815018
 0.005 68 1.79071332546 1.51707328599 1.21816905297e-13 1.39599850539 6.28661004443 5.62698284255e-05 69.8646162153 0.000653609617539 -0.002 0.00320931538139 0.900251559759 0.17289094036 -2.1620934976e-08 -0.00403787413413 -28.7891617708 0.000337692965279 29.3000012365 6 0.196838815018
 0.005 69 1.78091190372 1.49758998164 1.19708763225e-13 1.44826572658 6.24554660745 5.50112959318e-05 74.8045201511 0.000653609617539 -0.002 0.00320931538139 0.865603393044 0.164219146184 -1.99833623982e-08 -0.00388380888005 -27.2258129443 0.000315260766106 26.8909328313 6 0.196838815018
 0.005 70 1.77813691389 1.47756079179 1.17282583831e-13 1.48440167637 6.22862742822 5.38151698882e-05 71.1751134108 0.000653609617539 -0.002 0.00320931538139 0.830633600513 0.15575791135 -1.8362370342e-08 -0.00372898152337 -25.6791406232 0.000294032383621 23.9503183722 6 0.196838815018
 0.005 71 1.77231541914 1.45731062989 1.147395217e-13 1.49844482205 6.20160435461 5.27430792125e-05 62.5009711179 0.0063224402116 5.27331587875e-19 0.00861197838009 0.795291304437 0.14780091174 -1.67932917316e-08 -0.0035731293514 -24.1665387453 0.000275300321888 20.3239772486 6 0.196838815018
 0.005 72 1.75495950328 1.43723698043 1.12176783886e-13 1.48843964604 6.13519358088 5.18530282037e-05 61.9559617438 0.0063224402116 5.27331587875e-19 0.00861197838009 0.759517236375 0.140633741429 -1.53011752809e-08 -0.003415958639 -22.7035741171 0.000260327942354 15.6620915993 6 0.196838815018
 0.005 73 1.72255526587 1.41759163707 1.0946115038e-13 1.45597784486 6.01725494014 5.11911818695e-05 57.8686154709 0.00632243959786 -0.002 0.00861197879931 0.72325711953 0.134504580974 -1.38933256059e-08 -0.00325720017522 -21.3023283646 0.000250217980812 8.64668436604 6 0.196838815018
 0.005 74 1.67733111352 1.39840785781 1.06333513453e-13 1.40530000577 5.85583198564 5.07870459853e-05 62.1798382501 0.0555217683726 1.27424795279e-17 0.0166403963836 0.686492394759 0.129598865321 -1.25561234693e-08 -0.00309673495721 -19.9710623862 0.000245788992511 10.8566464722 6 0.196838815018
 0.005 75 1.62543192651 1.37966468505 1.02821362663e-13 1.34229946699 5.67284475778 5.06515004019e-05 71.9547718801 0.0555217683726 1.27424795279e-17 0.0166403963836 0.649266421253 0.126017859073 -1.12549419513e-08 -0.00293470385418 -18.7140905318 0.000247466483906 16.5532225209 6 0.196838815018
 0.005 76 1.57385467805 1.36129501264 9.9568554708e-14 1.27347959829 5.49318931283 5.0777445697e-05 75.8350328169 0.0555217683726 1.27424795279e-17 0.0166403963836 0.611689212744 0.123763339216 -9.93732304815e-09 -0.00277152929232 -17.531255379 0.000255209445018 20.5337426848 6 0.196838815018
 0.005 77 1.52784406466 1.3433613349 9.71681928777e-14 1.20514797383 5.33534334941 5.11438786707e-05 73.7547111832 0.0555217683726 1.27424795279e-17 0.0166403963836 0.573930952378 0.12273154208 -8.53948577261e-09 -0.0026078675196 -16.4179933364 0.000268482670229 23.6033517666 6 0.196838815018
 0.005 78 1.48968062701 1.3258223026 9.64024827793e-14 1.14274890352 5.20701467041 5.17191262227e-05 66.213902868 0.0555217683726 1.27424795279e-17 0.0166403963836 0.536203347282 0.122717237599 -6.99382387951e-09 -0.00244452216447 -15.3655629197 0.000286280507586 26.0317451553 6 0.196838815018
 0.005 79 1.45933262656 1.30870248426 9.68999949188e-14 1.09036181774 5.10750407875 5.24623945789e-05 54.2997150243 0.0555217683726 1.27424795279e-17 0.0166403963836 0.498748286373 0.12343106753 -5.23771489322e-09 -0.00228240251922 -14.3618865171 0.000307206329686 27.9538257604 6 0.196838815018
 0.005 80 1.43589174728 1.29211506742 9.85119604191e-14 1.05024935782 5.03289394755 5.33282772112e-05 47.1865409503 0.0682638906149 1.2720630847e-17 0.0159854741565 0.461839219773 0.124532031194 -3.22533246241e-09 -0.00212254453743 -13.393793844 0.000329613535367 29.4553243477 6 0.196838815018
 0.005 81 1.41868940055 1.27605070475 1.00137017294e-13 1.02253045026 4.98004719498 5.4270074387e-05 53.386805153 0.0682638906149 1.2720630847e-17 0.0159854741565 0.425775983576 0.125666224442 -9.37406195934e-10 -0.00196609794877 -12.4496655891 0.000351780369907 30.6003521232 6 0.196838815018
 0.005 82 1.40761579052 1.26037427408 1.00978039152e-13 1.00512477422 4.94780626095 5.52440996693e-05 58.1207760438 0.224488615157 -0.002 0.000171106974903 0.390861766635 0.126507429538 1.61197726102e-09 -0.00181424060341 -11.5217275628 0.000372102904271 31.4416933356 6 0.196838815018
 0.005 83 1.40265506749 1.24493321689 1.0064729444e-13 0.994159139383 4.93548620606 5.6213423769e-05 61.4876448043 0.224488615157 -0.002 0.000171106974903 0.357373236284 0.126793341799 4.37243483288e-09 -0.00166806393459 -10.6075730073 0.000389273284748 32.0241523573 6 0.196838815018
 0.005 84 1.40316031281 1.22958421738 9.89746378221e-14 0.984757345182 4.9404792396 5.71519005201e-05 63.2497613501 0.224488615157 -0.002 0.000171106974903 0.325546374431 0.126353437182 7.25853537288e-09 -0.00152852500073 -9.71115247395 0.00040241369931 32.3857523755 6 0.196838815018
 0.005 85 1.40763900802 1.21428326067 9.59830383628e-14 0.972008815594 4.95758459608 5.80442815651e-05 63.6516481176 0.224488615157 -0.002 0.000171106974903 0.295574951396 0.125123991223 1.01548311072e-08 -0.00139644981514 -8.84265078311 0.000411145473247 32.5583561711 6 0.196838815018
 0.005 86 1.41427783769 1.19905467207 9.22689534275e-14 0.951902453225 4.98075909046 5.88834814427e-05 62.9956611424 0.224488615157 -0.002 0.000171106974903 0.267598411867 0.123146257078 1.2924959162e-08 -0.00127247594196 -8.01648484564 0.000415586546387 32.5674681547 6 0.196838815018
 0.005 87 1.42166850098 1.1840231979 8.87083505331e-14 0.922110988997 5.00545407126 5.96652236881e-05 61.572022661 0.224488615157 -0.002 0.000171106974903 0.24169370488 0.120549614473 1.54234589521e-08 -0.00115700211767 -7.24841007409 0.000416281447458 32.432416714 6 0.196838815018
 0.005 88 1.42924812983 1.16923669787 8.63810411289e-14 0.882383380218 5.02994493261 6.03825296635e-05 59.6029274634 0.224488615157 -0.002 0.000171106974903 0.217872555428 0.117524109878 1.75090510553e-08 -0.00105016652843 -6.55201310546 0.000414078832852 32.1676204949 6 0.196838815018
 0.005 89 1.43724641856 1.15476184229 8.53664509407e-14 0.834594026251 5.0550917137 6.1020840324e-05 57.2061584291 0.224488615157 -0.002 0.000171106974903 0.196073465801 0.114286705941 1.90579700206e-08 -0.000951808684866 -5.93497771594 0.000409983945101 31.7839514933 6 0.196838815018
 0.005 90 1.44611542453 1.14061893787 8.58716201812e-14 0.782285058526 5.08243031847 6.15549374291e-05 54.3806352103 0.224488615157 -0.002 0.000171106974903 0.176157982003 0.111047636964 1.99752727553e-08 -0.000861444423481 -5.39641063412 0.000405009200591 31.2906034975 6 0.196838815018
 0.005 91 1.45578869604 1.12676477741 8.70075538588e-14 0.729828349301 5.11175773895 6.19496625146e-05 51.0148950622 0.224488615157 -0.002 0.000171106974903 0.157914014237 0.107982972168 2.0203064142e-08 -0.00077826883672 -4.92565771612 0.000400048542277 30.6972990724 6 0.196838815018
 0.005 92 1.46509614071 1.1130939331 8.81959828621e-14 0.681336746796 5.13922905154 6.2162679159e-05 46.9163610682 0.224488615157 -0.002 0.000171106974903 0.141072265001 0.10521783697 1.97248564587e-08 -0.000701221087546 -4.50330847562 0.00039579269933 30.0166131061 6 0.196838815018
 0.005 93 1.47164075527 1.09952923908 8.8344650826e-14 0.639713664679 5.15690713264 6.21500421347e-05 43.115125644 0.0792419572816 1.27018069595e-17 0.0154212212218 0.125340234361 0.102822354802 1.85650068565e-08 -0.000629131794046 -4.10441221016 0.000392693668291 29.2662283638 6 0.196838815018
 0.005 94 1.47225033807 1.08596315464 8.73966481117e-14 0.606293545006 5.15420313898 6.18712604264e-05 41.3508544463 0.0792419572816 1.27018069595e-17 0.0154212212218 0.11044722319 0.100819303671 1.6783624672e-08 -0.000560926787853 -3.70315263531 0.000390976678322 28.470919701 6 0.196838815018
 0.005 95 1.46389365152 1.07231455655 8.53155374192e-14 0.581443836117 5.12092318561 6.12946208289e-05 40.5158275503 0.00385453135965 -1.60886394637e-19 -0.00262747421949 0.09619999126 0.0992007186347 1.44672748321e-08 -0.000495871735402 -3.27844003369 0.000390687999849 27.6636679876 6 0.196838815018
 0.005 96 1.44467514753 1.05855401456 8.25104653454e-14 0.565835943587 5.05066838701 6.04018794108e-05 38.3358687181 0.00385453135965 -1.60886394637e-19 -0.00262747421949 0.0825263391775 0.0979460328522 1.17190388511e-08 -0.000433761310503 -2.81881702634 0.000391755684587 26.8862434413 6 0.196838815018
 0.005 97 1.41459923428 1.04471978299 7.96568745913e-14 0.561518448225 4.94355011638 5.91914200958e-05 37.5133900524 0.00257292295916 -0.002 0.00571450295625 0.0695053356007 0.0970398049547 8.64815023669e-09 -0.000375055243916 -2.32604820792 0.000394055365375 26.1880762697 6 0.196838815018
 0.005 98 1.37597422147 1.03093742988 7.73914883483e-14 0.571796491625 4.80774348023 5.76807611556e-05 39.455725584 0.00257292358288 3.49912366876e-19 0.0057145026161 0.0573830017384 0.0964866709583 5.35986101194e-09 -0.000320942890925 -1.81682301826 0.000397470726405 25.62328006 6 0.196838815018
 0.005 99 1.33331241349 1.01732889196 7.57175241745e-14 0.599550425993 4.65926061542 5.59082563341e-05 38.2131728865 0.00257292358288 3.49912366876e-19 0.0057145026161 0.0465637794084 0.0963183385828 1.94804604905e-09 -0.000273294466289 -1.32195536433 0.000401930905718 25.2458352825 6 0.196838815018
 0.005 100 1.29260318554 1.00407041366 7.4850597168e-14 0.645067117767 4.51941844701 5.3933645626e-05 37.4171910924 0.0507567549925 -0.002 0.0168853093067 0.0375777829715 0.0965920776709 -1.50871554316e-09 -0.000234498528064 -0.883247650278 0.000407422328344 25.1018831906 6 0.196838815018
 0.01 101 1.3730760089 0.996744356512 7.48643665139e-14 0.706353128017 4.80687026505 5.20277734876e-05 43.9232728444 0.0507538383025 -0.002 0.0168249826046 0.0310958751567 0.0979637111775 -0.000103987451419 -0.000202675534859 -0.576787085732 0.000435060577393 25.2145080391 6 0.196519704153
 0.01 102 1.331145168 0.985449458725 8.38986897368e-14 0.784917670117 4.66427248671 4.98541137898e-05 50.5205774748 0.224488620231 2.27317714953e-19 0.000170928213208 0.0270382683986 0.0993048394142 -0.000123214076222 -0.000181826390229 -0.412100241881 0.000434348986555 25.6342156369 6 0.196519704153
 0.01 103 1.27381753374 0.974712438412 9.42436030051e-14 0.857682385675 4.47066812656 4.78509151212e-05 60.0542118598 0.224488620231 2.27317714953e-19 0.000170928213208 0.0241621448961 0.100226663741 -0.000148771611192 -0.000167802029656 -0.174160799084 0.000428356694287 26.3642095693 6 0.196519704153
 0.01 104 1.26447072416 0.963398463502 8.4342460196e-14 0.923148911412 4.44635078685 4.60294620563e-05 66.3410949504 0.224488620231 2.27317714953e-19 0.000170928213208 0.021759224764 0.100575961103 -0.000171770589293 -0.000157117752294 0.127708090508 0.000419309128662 27.3617366891 6 0.196519704153
 0.01 105 1.27506635022 0.951914398355 7.50030132197e-14 0.984894814616 4.49150620687 4.44848803979e-05 68.5174070101 0.224488620231 2.27317714953e-19 0.000170928213208 0.0205647323521 0.100714550697 -0.000187528781202 -0.000151909293993 0.394742821093 0.000409568562865 28.5816216914 6 0.196519704153
 0.01 106 1.29086967918 0.941188065809 7.22263007674e-14 1.03224712918 4.55366473132 4.3302568936e-05 66.4559270186 0.224488620231 2.27317714953e-19 0.000170928213208 0.021948031114 0.101086746545 -0.000197088827287 -0.000158343819998 0.531286565965 0.000400157935298 29.9720937582 6 0.196519704153
 0.01 107 1.3081063882 0.931388309312 7.12998494554e-14 1.06050231395 4.61857258795 4.25190301069e-05 60.6764142287 0.224488620231 2.27317714953e-19 0.000170928213208 0.0266899018244 0.101908953964 -0.000202320552744 -0.000179994969841 0.493168198279 0.000391374170475 31.4655064891 6 0.196519704153
 0.01 108 1.32304118359 0.922116768587 7.14184584804e-14 1.07048755479 4.67233678465 4.21235462438e-05 52.1307951728 0.224488620231 2.27317714953e-19 0.000170928213208 0.0347609604182 0.103170205827 -0.00020399484471 -0.00021644362547 0.287732107465 0.000383396088126 32.9911235385 6 0.196519704153
 0.01 109 1.33159512467 0.912968368878 7.19681423856e-14 1.06387291941 4.70047552859 4.20749889294e-05 41.7995062032 0.224488620231 2.27317714953e-19 0.000170928213208 0.0457065697067 0.104740506081 -0.000202356419108 -0.000265431879712 -0.0463188681409 0.000376367428301 34.4886341354 6 0.196519704153
 0.01 110 1.33188081122 0.903701844343 7.09169984095e-14 1.04325320726 4.69675853954 4.23172772967e-05 38.8977377904 0.23070190841 7.13534387345e-32 2.36078461796e-07 0.0588876400246 0.106433498953 -0.000197742041727 -0.000324041291786 -0.456268092265 0.000370277362272 35.9106191798 6 0.196519704153
 0.01 111 1.32460603893 0.894215321331 6.81365390368e-14 1.01267469833 4.66447476229 4.27926562117e-05 39.6763153599 0.23070190841 7.13534387345e-32 2.36078461796e-07 0.0735745139883 0.108034154954 -0.000190726364171 -0.000389014060965 -0.886399008004 0.000364908461612 37.2194147146 6 0.196519704153
 0.01 112 1.31173200403 0.884486698711 6.45792995704e-14 0.977121871428 4.61160106774 4.34526164144e-05 39.1555795187 0.23070190841 7.13534387345e-32 2.36078461796e-07 0.0890483359038 0.10932180437 -0.000182012818984 -0.000457142948195 -1.28392496677 0.00035988869435 38.3853066144 6 0.196519704153
 0.01 113 1.2955634386 0.874570304326 6.1809851528e-14 0.941521554192 4.54744152399 4.42629879687e-05 38.0725473525 0.235662154583 5.04695054463e-32 2.55856524156e-07 0.10465167978 0.110085434428 -0.000172269011188 -0.000525443826427 -1.60052573645 0.000354777622768 39.3862496016 6 0.196519704153
 0.01 114 1.27831719666 0.864502621184 6.04467087309e-14 0.909797522441 4.48089639861 4.52021692817e-05 39.7980727021 0.235662154583 5.04695054463e-32 2.55856524156e-07 0.119762221388 0.110131132315 -0.000162030474665 -0.000591030496514 -1.79238563532 0.0003491388414 40.2073640025 6 0.196519704153
 0.01 115 1.26183858794 0.854338772916 6.01621582016e-14 0.884225648703 4.41924067709 4.62546241999e-05 40.1924689307 0.235662154583 5.04695054463e-32 2.55856524156e-07 0.133776831508 0.109291845855 -0.000151671347312 -0.000651097742914 -1.82172330488 0.000342591224118 40.8407731438 6 0.196519704153
 0.01 116 1.24732177062 0.844154328815 6.05423515357e-14 0.865270470865 4.36697259432 4.74034584319e-05 39.2391836333 0.235662154583 5.04695054463e-32 2.55856524156e-07 0.146151934621 0.107443709041 -0.000141400102015 -0.000703160880713 -1.66010275497 0.000334846321793 41.2855858554 6 0.196519704153
 0.01 117 1.23504611353 0.833995701603 6.0902757744e-14 0.851870797751 4.32483592731 4.86237382149e-05 41.7407363179 0.224488620231 2.27317714953e-19 0.000170928213208 0.156457736865 0.104522418397 -0.000131264853369 -0.000745312358927 -1.29164930485 0.000325738652084 41.5479364616 6 0.196519704153
 0.01 118 1.22432166803 0.823915091429 6.12275876938e-14 0.842029004759 4.28972084588 4.98784484178e-05 46.0081685762 0.224488620231 2.27317714953e-19 0.000170928213208 0.16439494151 0.100530862325 -0.000121165948319 -0.000776279563977 -0.714360459534 0.000315247575545 41.6408775598 6 0.196519704153
 0.01 119 1.21376041635 0.813964333279 6.12031772997e-14 0.833480524987 4.25581933099 5.11172563922e-05 48.0533852556 0.224488620231 2.27317714953e-19 0.000170928213208 0.169785668739 0.0955377096018 -0.00011090441609 -0.000795375280878 0.0603053659996 0.000303495938077 41.5837046096 6 0.196519704153
 0.01 120 1.20182396872 0.804175767576 6.06167946241e-14 0.824299065898 4.21678617191 5.22770926104e-05 47.9160262523 0.224488620231 2.27317714953e-19 0.000170928213208 0.172563577695 0.0896706605557 -0.000100256082331 -0.000802453549084 1.00864972135 0.000290726333001 41.4010310288 6 0.196519704154
 0.01 121 1.18734144812 0.794530924038 6.00235527389e-14 0.81325926655 4.16773982255 5.32898484613e-05 45.7538722401 0.224488620231 2.27317714953e-19 0.000170928213208 0.172772489714 0.0831073850529 -8.90448345983e-05 -0.000797891437194 2.09614632321 0.000277265918667 41.1219417191 6 0.196519704154
 0.01 122 1.16976507198 0.784978844795 5.9428217078e-14 0.799946573109 4.10627888572 5.41008759103e-05 41.8259211237 0.224488620231 2.27317714953e-19 0.000170928213208 0.17056724111 0.0760655278452 -7.72020335816e-05 -0.000782573767187 3.27905025862 0.000263490064062 40.7785014153 6 0.196519704154
 0.01 123 1.14912173984 0.775471457209 5.92400779031e-14 0.784675338467 4.03235090826 5.46732314509e-05 36.4687655197 0.224488620231 2.27317714953e-19 0.000170928213208 0.166208286257 0.0687915223271 -6.48138797615e-05 -0.00075784883866 4.50656953965 0.000249788024022 40.4041190425 6 0.196519704154
 0.01 124 1.12582604564 0.765985462103 5.91783243724e-14 0.768293373565 3.94757027757 5.49816458951e-05 30.0591573329 0.224488620231 2.27317714953e-19 0.000170928213208 0.160050584655 0.0615480355758 -5.21623544242e-05 -0.00072546654889 5.72353322558 0.000236527039 40.0316492472 6 0.196519704154
 0.01 125 1.10049543651 0.756479677029 5.8689803721e-14 0.751939817317 3.85449775203 5.5012001192e-05 30.1856714464 0.269124537624 3.48065554802e-32 -3.13432468958e-07 0.152526233218 0.0545996883562 -3.97500944705e-05 -0.0006874892291 6.8734844313 0.000224015740497 39.6915100409 6 0.196519704154
 0.01 126 1.07389398182 0.746965846089 5.76313238523e-14 0.736796639108 3.75634568421 5.47624549308e-05 31.5722435518 0.269124537624 3.48065554802e-32 -3.13432468958e-07 0.144125836001 0.0481987520335 -2.83001829254e-05 -0.000646200033234 7.90182702611 0.000212473188601 39.410006441 6 0.196519704154
 0.01 127 1.04699735594 0.737484666379 5.57087886127e-14 0.723853774441 3.65711064366 5.42440790201e-05 32.0951738149 0.269124537624 3.48065554802e-32 -3.13432468958e-07 0.135377717432 0.0425722640456 -1.87151928395e-05 -0.000604004829614 8.7587839084 0.000202014814331 39.2070035464 6 0.196519704154
 0.01 128 1.0210652871 0.728103137569 5.31440123058e-14 0.7137034482 3.56176096782 5.34811599169e-05 31.7481962613 0.269124537624 3.48065554802e-32 -3.13432468958e-07 0.126821094499 0.0379115324466 -1.19947478345e-05 -0.000563313190177 9.40204623415 0.000192660570007 39.0955360227 6 0.196519704154
 0.01 129 0.997597152672 0.718929384381 5.04607292966e-14 0.706440117772 3.4760312055 5.25096790758e-05 32.8296215865 0.235662102193 -0.002 -6.78526447383e-07 0.118972646858 0.0343638654339 -9.12653131978e-06 -0.000526393458997 9.79909112574 0.000184360077988 39.0804239257 6 0.196519704154
 0.01 130 0.978066226577 0.710095439314 4.8162143208e-14 0.701688074724 3.40545509057 5.13758041384e-05 34.3227905972 0.235662102193 -0.002 -6.78526447383e-07 0.112291070847 0.0320262065841 -1.09583801309e-05 -0.000495225284636 9.92908858822 0.000177027231475 39.1583804836 6 0.196519704154
 0.01 131 0.963526469435 0.701701395964 4.65354612715e-14 0.698749957711 3.35394935083 5.0133521285e-05 34.3374137768 0.235662102193 -0.002 -6.78526447383e-07 0.107152091478 0.0309420232771 -1.80842773752e-05 -0.000471399117799 9.78396372688 0.000170572412061 39.318781923 6 0.196519704154
 0.01 132 0.954269294918 0.693835627053 4.64277874256e-14 0.696812903186 3.32256629046 4.88426861669e-05 32.8853022653 0.235662102193 -0.002 -6.78526447383e-07 0.103830333135 0.0311010639263 -3.07530842657e-05 -0.000456046854726 9.36870537479 0.000164928579787 39.5451570151 6 0.196519704154
 0.01 133 0.949683095809 0.686560155557 4.72017833036e-14 0.695141590914 3.3089875477 4.75665713086e-05 30.2809315277 0.235662154583 5.04695054463e-32 2.55856524156e-07 0.102486516386 0.0324415982239 -4.88051320852e-05 -0.000449799671129 8.70093142861 0.000160069662895 39.8172312253 6 0.196519704153
 0.01 134 0.948386908535 0.679880639721 4.82683077816e-14 0.69320265167 3.30801724548 4.63681209151e-05 31.998854356 0.0682627976544 1.2720630847e-17 0.0159624197931 0.103166052542 0.0348561906166 -7.16512946128e-05 -0.000452795845514 7.80957785817 0.000156022281817 40.113062605 6 0.196519704153
 0.01 135 0.948549534351 0.673789382668 4.90768303437e-14 0.690726924599 3.31276145546 4.5304955803e-05 33.0410363763 0.0682627976544 1.2720630847e-17 0.0159624197931 0.105806558681 0.0382002187049 -9.8295267419e-05 -0.000464719053051 6.73280274092 0.000152870868027 40.4110022485 6 0.196519704153
 0.01 136 0.948252579325 0.668249658606 4.93418174112e-14 0.687699952525 3.31597911087 4.442423468e-05 32.2540423774 0.0682627976544 1.2720630847e-17 0.0159624197931 0.110252821031 0.0423018933243 -0.000127395721181 -0.000484866057606 5.51518429875 0.000150754096054 40.6914112223 6 0.196519704153
 0.01 137 0.94579464169 0.663160154301 4.86525751248e-14 0.684305244918 3.31122086489 4.37585405307e-05 29.7986485382 0.0682627976544 1.2720630847e-17 0.0159624197931 0.116277374909 0.0469728769072 -0.00015736453775 -0.000512233439368 4.20450853482 0.000149851711798 40.9377637521 6 0.196519704153
 0.01 138 0.939907689732 0.658407783589 4.73093343601e-14 0.680839577377 3.29364740382 4.33234753926e-05 27.0537159593 0.242924449602 5.39501609944e-32 1.95941079394e-07 0.123607046798 0.0520189130308 -0.000186495290633 -0.00054562867355 2.84840367703 0.000150360516458 41.1373569865 6 0.196519704152
 0.01 139 0.929821007444 0.653874742344 4.57811376116e-14 0.677616342415 3.26030246065 4.31155198113e-05 25.9027321837 0.291916709275 2.08839332881e-32 -8.49315122333e-07 0.131948702435 0.057248928483 -0.000213102971866 -0.000583777654958 1.49139911036 0.000152462317824 41.281566294 6 0.196519704152
 0.01 140 0.915219147165 0.649460653956 4.43858896813e-14 0.674870370428 3.20999738035 4.31132740379e-05 26.9441919831 0.23070190841 7.13534387345e-32 2.36078461796e-07 0.141013747037 0.0624826912413 -0.000235663693237 -0.000625427737517 0.172606224018 0.000156287897888 41.365789774 6 0.196519704151
 0.01 141 0.896147660411 0.645074487916 4.37376377607e-14 0.672685056891 3.1429932005 4.32829529473e-05 28.3623851444 0.23070190841 7.13534387345e-32 2.36078461796e-07 0.150541523286 0.0675571597282 -0.00025294488696 -0.00066944554138 -1.07592629474 0.000161881095527 41.3895349777 6 0.196519704151
 0.01 142 0.872943696032 0.640620400065 4.3800220346e-14 0.670965820562 3.06075322491 4.35865605725e-05 28.58396177 0.23070190841 7.13534387345e-32 2.36078461796e-07 0.160318395527 0.0723314450694 -0.000264112332387 -0.000714894756158 -2.23015000477 0.000169169031756 41.3556997512 6 0.19651970415
 0.01 143 0.846250976601 0.636040114728 4.41713081349e-14 0.669449749307 2.96595023789 4.39887837911e-05 27.621716176 0.23070190841 7.13534387345e-32 2.36078461796e-07 0.170187403277 0.076689886721 -0.000268797452236 -0.000761072942707 -3.27414385663 0.00017794542724 41.2701765416 6 0.19651970415
 0.01 144 0.817099815686 0.631283178428 4.47055563162e-14 0.667759668026 2.8626787056 4.44565200681e-05 27.1516107674 0.235662102193 -0.002 -6.78526447383e-07 0.180047017871 0.080542955756 -0.000267120373327 -0.000807499923186 -4.19944667425 0.000187868314115 41.1411788622 6 0.196519704149
 0.01 145 0.78701685214 0.626332088682 4.47536599016e-14 0.665489068176 2.75675161875 4.49586459321e-05 28.255785812 0.235662102193 -0.002 -6.78526447383e-07 0.189842189876 0.0838265339358 -0.000259667186301 -0.000853876791385 -5.00389615816 0.000198472693559 40.9785270394 6 0.196519704149
 0.01 146 0.758057273475 0.621161711312 4.42102007707e-14 0.662292545139 2.65571780256 4.54667379222e-05 28.0816994575 0.235662102193 -0.002 -6.78526447383e-07 0.199551940786 0.0865001665286 -0.000247425455539 -0.000900030935139 -5.69030700575 0.000209195068545 40.7928528342 6 0.196519704148
 0.01 147 0.732644029529 0.615738439023 4.30781771407e-14 0.657964239184 2.56820251741 4.59545903884e-05 26.978250179 0.235662154583 5.04695054463e-32 2.55856524156e-07 0.209175341295 0.0885447020726 -0.000231685260809 -0.000945859548454 -6.26510021008 0.000219408935157 40.5949030036 6 0.196519704147
 0.01 148 0.713133402396 0.610035841874 4.14185175078e-14 0.652495481907 2.50231547101 4.63953708654e-05 24.8627003708 0.235662154583 5.04695054463e-32 2.55856524156e-07 0.21871755467 0.0899593933785 -0.000213913204205 -0.000991276228719 -6.73703127135 0.000228467770479 40.3949141412 6 0.196519704146
 0.01 149 0.701153483945 0.604024602029 3.96011368964e-14 0.646100346692 2.46333298589 4.67613243688e-05 21.7603778398 0.235662154583 5.04695054463e-32 2.55856524156e-07 0.228177756201 0.0907589106167 -0.000195615075655 -0.00103616522926 -7.11607551067 0.000235751465403 40.2021055086 6 0.196519704146
 0.01 150 0.696974047292 0.597672244558 3.82839873912e-14 0.639205031955 2.45160261211 4.70273278001e-05 22.1478305493 0.242924395194 -0.002 -7.55796970957e-07 0.237542068578 0.0909709232989 -0.000178203129371 -0.00108035838142 -7.41263578872 0.000240711871174 40.0242727296 6 0.196519704145
 0.01 151 0.69925734361 0.590955488156 3.76230623451e-14 0.632387362581 2.4618606939 4.71732718189e-05 22.5834032653 0.242924395194 -0.002 -7.55796970957e-07 0.246779695992 0.09063402523 -0.000162879326601 -0.00112362651476 -7.63702436573 0.00024291306844 39.8674931042 6 0.196519704144
 0.01 152 0.705378547647 0.583868174255 3.77541729651e-14 0.626271214211 2.48452814081 4.71839967934e-05 22.1938069069 0.242924449602 5.39501609944e-32 1.95941079394e-07 0.255843607114 0.089796388852 -0.000150550103106 -0.0011656895385 -7.799262052 0.000242062712677 39.7359244161 6 0.196519704144
 0.01 153 0.71215875372 0.576438794052 3.85141435858e-14 0.621381650811 2.50834530003 4.70510869437e-05 21.1816832833 0.242924449602 5.39501609944e-32 1.95941079394e-07 0.264675199019 0.0885150519994 -0.000141780152797 -0.00120624124495 -7.90912912465 0.000238032421117 39.6317038923 6 0.196519704143
 0.01 154 0.716667084968 0.568731510009 3.93821052952e-14 0.617986052471 2.52314449035 4.67751848006e-05 21.9547618706 0.0555196382825 -0.002 0.0165954520498 0.273209952218 0.0868552786973 -0.000136783717019 -0.00124497521211 -7.97634798503 0.000230865364564 39.5549486441 6 0.196519704143
 0.01 155 0.716834490586 0.560862592925 4.00462339108e-14 0.615971093937 2.52191848947 4.63671600726e-05 21.8249647828 0.0555196382825 -0.002 0.0165954520498 0.2813824215 0.0848896961925 -0.000135449861856 -0.00128160631119 -8.01077572008 0.000220771492848 39.503866984 6 0.196519704144
 0.01 156 0.711770197285 0.552942717572 4.01784695527e-14 0.614809054564 2.50184566568 4.5848016918e-05 19.8517988467 0.0555196382825 -0.002 0.0165954520498 0.289131219869 0.082697139954 -0.000137397041678 -0.00131589098708 -8.02260404788 0.000208111078705 39.4749776296 6 0.196519704144
 0.01 157 0.701781925967 0.545117901192 3.96919783125e-14 0.613620719741 2.46429962285 4.52478034549e-05 20.383682331 0.291916744212 -3.68198598964e-22 -6.85254789593e-06 0.296403605408 0.0803611081812 -0.000142049595004 -0.00134764225774 -8.02250946757 0.00019336799471 39.4634058451 6 0.196519704145
 0.01 158 0.688116140267 0.537540929461 3.88136693405e-14 0.611329728689 2.41388733718 4.46035101875e-05 21.3362373134 0.291916744212 -3.68198598964e-22 -6.85254789593e-06 0.303159372393 0.0779677692448 -0.000148723322986 -0.00137674130851 -8.0217186177 0.000177116034873 39.4632419871 6 0.196519704147
 0.01 159 0.672495299192 0.53035504798 3.75382904015e-14 0.60687066123 2.35678567834 4.39560758354e-05 22.2157076868 0.291916709275 2.08839332881e-32 -8.49315122333e-07 0.309373141543 0.075603504378 -0.000156708863095 -0.00140314394541 -8.03190980485 0.000159982125039 39.4679011894 6 0.19651970415
 0.01 160 0.656559774368 0.52368435198 3.6164988672e-14 0.599401654918 2.29876002919 4.334644276e-05 23.1264983523 0.291916709275 2.08839332881e-32 -8.49315122333e-07 0.315036163185 0.0733523273434 -0.000165346444001 -0.00142688388856 -8.06498119061 0.000142609404688 39.4704396298 6 0.196519704153
 0.01 161 0.64137251778 0.517630572807 3.49929749118e-14 0.588483434878 2.24343412598 4.281183107e-05 23.4398963406 0.291916709275 2.08839332881e-32 -8.49315122333e-07 0.320156082221 0.0712931018056 -0.000174084451938 -0.00144806654439 -8.13261980313 0.000125622509482 39.4638263014 6 0.196519704158
 0.01 162 0.627160645718 0.512249158011 3.42276284116e-14 0.574186532133 2.19143341547 4.23822910504e-05 23.1605033089 0.291916709275 2.08839332881e-32 -8.49315122333e-07 0.324755808204 0.0694968566966 -0.000182518048638 -0.00146686088973 -8.24577552133 0.000109597046818 39.4411708125 6 0.196519704164
 0.01 163 0.613411499195 0.507573579266 3.39515455578e-14 0.557120480923 2.14080890523 4.20780947668e-05 22.3102132701 0.291916709275 2.08839332881e-32 -8.49315122333e-07 0.328872519615 0.0680244942071 -0.000190405519093 -0.00148349329805 -8.41414836985 9.5034648941e-05 39.3958996735 6 0.196519704172
 0.01 164 0.599270811083 0.503595855371 3.38657516758e-14 0.538364219966 2.08851535543 4.1908288627e-05 20.9267799572 0.291916709275 2.08839332881e-32 -8.49315122333e-07 0.332555764977 0.0669248057071 -0.000197661886986 -0.00149823798192 -8.64570279798 8.23443630542e-05 39.3218811833 6 0.196519704181
 0.01 165 0.584064822375 0.500271013786 3.41042244142e-14 0.519309806912 2.03230860066 4.18708224055e-05 19.0626059571 0.291916709275 2.08839332881e-32 -8.49315122333e-07 0.335864078951 0.0662328581003 -0.000204332979816 -0.00151140135531 -8.94619434636 7.18312904481e-05 39.2135309486 6 0.196519704193
 0.01 166 0.567738771577 0.497536884248 3.42802834007e-14 0.501417715502 1.97230753437 4.19536617663e-05 16.7814559905 0.291916709275 2.08839332881e-32 -8.49315122333e-07 0.338861338464 0.0659689221683 -0.000210556130109 -0.00152330564231 -9.31878353303 6.36914496617e-05 39.0658971143 6 0.196519704208
 0.01 167 0.551053319426 0.49529415784 3.43814711775e-14 0.485930119891 1.91165759457 4.21369250765e-05 14.5127170088 8.91821029241e-05 -0.002 0.00173023892924 0.341614258247 0.0661381522432 -0.0002165166591 -0.0015342792136 -9.76381215874 5.80120102652e-05 38.8747491766 6 0.196519704226
 0.01 168 0.535473187168 0.49342738253 3.42360179335e-14 0.473609726374 1.85605186252 4.23961975087e-05 14.6242546932 8.91821029241e-05 -0.002 0.00173023892924 0.344189544202 0.0667308057482 -0.000222404358817 -0.0015446453394 -10.278707289 5.47762508948e-05 38.6366407475 6 0.196519704248
 0.01 169 0.522756229873 0.491809981655 3.40251150234e-14 0.464593269067 1.81213296851 4.27040792879e-05 14.3376441014 8.91821029241e-05 -0.002 0.00173023892924 0.34665030447 0.0677229307865 -0.000228374395546 -0.00155470616773 -10.8580016132 5.38728039945e-05 38.3489570395 6 0.196519704273
 0.01 170 0.51437062948 0.490311049995 3.36570928913e-14 0.458427195517 1.78525470904 4.30318581704e-05 13.6803419451 8.91821029241e-05 -0.002 0.00173023892924 0.349052884742 0.0690776478877 -0.000234518083166 -0.00156472872055 -11.4934795292 5.51085699278e-05 38.0099730635 6 0.196519704304
 0.01 171 0.510953668272 0.48879155314 3.31673202046e-14 0.45425975092 1.77744280755 4.33507023968e-05 13.8268937976 0.00151476240684 -1.06221027883e-19 -0.00173381605989 0.351444689415 0.0707469828987 -0.000240847047371 -0.00157493528317 -12.1744567064 5.82238448186e-05 37.6189211876 6 0.19651970434
 0.01 172 0.512064185409 0.487120492943 3.27687316036e-14 0.451119352522 1.78655150782 4.36310531328e-05 14.1803476601 0.00151476240684 -1.06221027883e-19 -0.00173381605989 0.353862433317 0.0726740373692 -0.000247290375263 -0.00158549529278 -12.888161636 6.29087491322e-05 37.1760496851 6 0.196519704383
 0.01 173 0.516340221296 0.485178705175 3.23834688559e-14 0.44816017414 1.80700620169 4.38451667741e-05 14.5416236943 0.224999953957 -0.002 5.32098314096e-06 0.356331320869 0.0747954690948 -0.000253705040761 -0.00159652059584 -13.6202243919 6.88200579445e-05 36.6827148382 6 0.196519704432
 0.01 174 0.521943986715 0.482863925621 3.19135673548e-14 0.444812116413 1.83160003457 4.39708186814e-05 14.7914133876 0.224999953957 -0.002 5.32098314096e-06 0.358865765792 0.0770442603964 -0.000259897768793 -0.00160806758656 -14.3552848792 7.55975770631e-05 36.1414698141 6 0.19651970449
 0.01 175 0.527047491695 0.480088863811 3.14637929748e-14 0.440822661711 1.8533537056 4.39894260691e-05 14.8919235369 0.224999992195 3.60448122159e-22 5.95088771947e-06 0.361471506334 0.0793525494758 -0.000265654117363 -0.00162014580483 -15.0776918247 8.28792377525e-05 35.5561696598 6 0.196519704558
 0.01 176 0.530169182396 0.476792011063 3.0970818562e-14 0.436205885071 1.86674185429 4.38879743208e-05 14.8462043449 0.224999992195 3.60448122159e-22 5.95088771947e-06 0.364148735111 0.0816544126555 -0.000270771130161 -0.00163273120699 -15.7722326215 9.03145909262e-05 34.9321156189 6 0.196519704636
 0.01 177 0.530301127267 0.472941521319 3.0539693514e-14 0.431139790406 1.86811735611 4.36600568451e-05 14.5209179592 0.224999992195 3.60448122159e-22 5.95088771947e-06 0.366895231486 0.0838883367932 -0.000275086664781 -0.00164577999836 -16.4248410607 9.75765643419e-05 34.27607475 6 0.196519704726
 0.01 178 0.526879844097 0.468535251851 3.01406639904e-14 0.425854739543 1.85556314842 4.33065335834e-05 15.2091472858 0.291916709275 2.08839332881e-32 -8.49315122333e-07 0.369709298577 0.0859993017686 -0.000278502673622 -0.0016592420503 -17.0232409958 0.000104371325842 33.5963023342 6 0.196519704829
 0.01 179 0.519689972361 0.463603173903 3.00086148583e-14 0.420545612501 1.8285066819 4.28365845686e-05 16.2381078177 0.291916709275 2.08839332881e-32 -8.49315122333e-07 0.372592694483 0.0879404471844 -0.000281000179454 -0.00167307520033 -17.5575100514 0.000110445869028 32.9023617193 6 0.196519704948
 0.01 180 0.508773917523 0.45820925105 3.00418184845e-14 0.41533112223 1.78736098061 4.22681466912e-05 16.8248168462 0.291916709275 2.08839332881e-32 -8.49315122333e-07 0.375553197046 0.089674190273 -0.000282643612543 -0.00168725826552 -18.0205285732 0.000115593173773 32.2051603777 6 0.196519705083
 0.01 181 0.494397358736 0.452448494062 3.0247173228e-14 0.410256614284 1.73337267204 4.16253312958e-05 16.9649067584 0.291916709275 2.08839332881e-32 -8.49315122333e-07 0.378605659212 0.0911726881673 -0.000283573273599 -0.00170179781281 -18.4082276078 0.000119655584296 31.516053699 6 0.196519705237
 0.01 182 0.477078870393 0.446434524347 3.06535201572e-14 0.405328282916 1.66870489422 4.09369724645e-05 16.6659121026 0.291916709275 2.08839332881e-32 -8.49315122333e-07 0.381771182927 0.0924176377274 -0.000283987127025 -0.00171672741372 -18.7196095559 0.000122526395853 30.8474907993 6 0.196519705412
 0.01 183 0.457662376663 0.440299649162 3.09517851424e-14 0.400554230672 1.5966882739 4.02350766986e-05 15.9454401627 0.291916709275 2.08839332881e-32 -8.49315122333e-07 0.385075278923 0.0933995816116 -0.000284114727883 -0.00173210298769 -18.9565994822 0.000124149622244 30.2132532241 6 0.196519705611
 0.01 184 0.437376350066 0.434181116774 3.10759453832e-14 0.39596893279 1.52202678107 3.95567836333e-05 14.8322087676 0.291916709275 2.08839332881e-32 -8.49315122333e-07 0.388545425034 0.0941168422034 -0.000284187389062 -0.00174799580362 -19.1237454603 0.000124517780692 29.6257780311 6 0.196519705835
 0.01 185 0.417815301692 0.428218934698 3.09157957745e-14 0.391633533157 1.45073086655 3.89421016294e-05 13.3652502506 0.291916709275 2.08839332881e-32 -8.49315122333e-07 0.392207722127 0.0945741884848 -0.000284408353182 -0.00176448112356 -19.2277564109 0.000123667980912 29.0947834779 6 0.196519706088
 0.01 186 0.400781979988 0.422545223166 3.05715994718e-14 0.387617810893 1.38952789047 3.84277193625e-05 12.0050572165 0.279437738293 2.61049166102e-32 -5.52708748196e-07 0.396083128868 0.0947813986622 -0.000284927439898 -0.00178162451995 -19.2769294277 0.000121676314185 28.6286400314 6 0.196519706372
 0.01 187 0.387959957482 0.417279199999 2.98647754508e-14 0.383972293123 1.34462067738 3.80407809768e-05 12.4332951812 0.224488620231 2.27317714953e-19 0.000170928213208 0.40018381445 0.0947518981652 -0.000285823010604 -0.00179946793471 -19.2805207287 0.000118650988751 28.2336514667 6 0.196519706692
 0.01 188 0.380474502524 0.41251000216 2.91219308672e-14 0.380710823108 1.32001769799 3.77961837989e-05 14.0481077969 0.224488620231 2.27317714953e-19 0.000170928213208 0.404509650168 0.0945015130924 -0.000287093110048 -0.00181801514455 -19.2480962188 0.000114724382268 27.9137394699 6 0.19651970705
 0.01 189 0.378520833407 0.408294455732 2.84382444449e-14 0.377814252879 1.31614624145 3.76976554382e-05 15.3119978826 0.224488620231 2.27317714953e-19 0.000170928213208 0.40904529146 0.0940474775879 -0.000288656518655 -0.00183721930196 -19.1889160015 0.000110044749435 27.6699165054 6 0.19651970745
 0.01 190 0.381276079126 0.404655532532 2.7906296323e-14 0.375258216131 1.32959966989 3.77375276463e-05 16.1762156956 0.224488620231 2.27317714953e-19 0.000170928213208 0.413758708213 0.0934078476816 -0.000290364144345 -0.00185697594036 -19.1114270611 0.000104767896798 27.5002408399 6 0.196519707896
 0.01 191 0.387163712495 0.401571957755 2.77533046585e-14 0.373053841529 1.35424170272 3.78975855907e-05 16.6096136424 0.224488620231 2.27317714953e-19 0.000170928213208 0.418601076432 0.0926012635635 -0.000292018684441 -0.00187712012423 -19.0228699637 9.9049583059e-05 27.4000795353 6 0.196519708392
 0.01 192 0.394318717683 0.399000654456 2.78968879115e-14 0.371282725341 1.38301238457 3.8150488954e-05 16.6016950589 0.224488620231 2.27317714953e-19 0.000170928213208 0.423507811769 0.0916469806471 -0.000293399882274 -0.00189742787889 -18.9290105012 9.30389594404e-05 27.3625095513 6 0.196519708944
 0.01 193 0.401020187375 0.396857969532 2.81941327489e-14 0.37010913136 1.40953240665 3.84627796336e-05 16.1640030726 0.224488620231 2.27317714953e-19 0.000170928213208 0.428400895664 0.0905650821807 -0.000294292461964 -0.00191762300302 -18.8340174728 8.68732765371e-05 27.3791288401 6 0.196519709555
 0.01 194 0.405960207958 0.395038665538 2.84725446368e-14 0.36975873974 1.42904892518 3.88009092315e-05 15.3305254557 0.224488620231 2.27317714953e-19 0.000170928213208 0.433192787646 0.0893768831764 -0.000294513864597 -0.0019373902693 -18.740504019 8.06741160904e-05 27.4401157754 6 0.196519710232
 0.01 195 0.408331918411 0.393430008411 2.86401430847e-14 0.370464280643 1.4387099734 3.91319279178e-05 14.1520004284 0.224488620231 2.27317714953e-19 0.000170928213208 0.437791040948 0.0881052750276 -0.000293937796428 -0.00195639104961 -18.649679822 7.4545306002e-05 27.5358380446 6 0.19651971098
 0.01 196 0.407795951772 0.391912708364 2.85614431578e-14 0.372395631897 1.43740613011 3.94259575926e-05 12.6951546724 0.224488620231 2.27317714953e-19 0.000170928213208 0.442103406384 0.0867749232834 -0.000292510812203 -0.00197428161309 -18.5615999826 6.85724508092e-05 27.6556825794 6 0.196519711804
 0.01 197 0.404378220706 0.390377572626 2.83056516846e-14 0.375594648482 1.42537418769 3.96583851067e-05 11.0669171813 0.291916744212 -3.68198598964e-22 -6.85254789593e-06 0.446043193286 0.0854123075623 -0.000290261231189 -0.00199073321466 -18.47548286 6.28238627847e-05 27.7888722593 6 0.196519712712
 0.01 198 0.398347954029 0.388729977924 2.79276660169e-14 0.379935111654 1.40373581382 3.98104392717e-05 11.3836750385 0.291916709275 2.08839332881e-32 -8.49315122333e-07 0.449534154362 0.0840454804309 -0.000287299073788 -0.00200545079813 -18.3900445798 5.73526474114e-05 27.9258671443 6 0.196519713708
 0.01 199 0.390108951671 0.386888640579 2.75006097514e-14 0.385126238739 1.37408415281 3.98702258456e-05 11.860875357 0.291916709275 2.08839332881e-32 -8.49315122333e-07 0.45251475028 0.0827035568439 -0.000283806932931 -0.00201818989909 -18.3038394812 5.21997210933e-05 28.0587196459 6 0.196519714801
 0.01 200 0.380122229458 0.384795229872 2.7136684095e-14 0.390753906982 1.33818408914 3.98296337209e-05 11.9980479953 0.291916709275 2.08839332881e-32 -8.49315122333e-07 0.454941504385 0.0814159585706 -0.000280023040507 -0.00202877055274 -18.2155758616 4.73974177791e-05 28.1804671421 6 0.196519715996
