-0.000024
0.000000
0.000791
-0.000018
0.000000
0.000603
-0.000024
0.000000
0.000791
-0.000018
0.000000
0.000603
-0.000018
0.000000
0.000601
-0.000018
0.000000
0.000601
-0.000018
0.000000
0.000599
-0.000018
0.000000
0.000599
-0.000018
0.000000
0.000593
-0.000018
0.000000
0.000593
-0.000018
0.000000
0.000590
-0.000018
0.000000
0.000590
-0.000018
0.000000
0.000588
-0.000018
0.000000
0.000588
-0.000017
0.000000
0.000580
-0.000017
0.000000
0.000580
-0.000017
0.000000
0.000569
-0.000017
0.000000
0.000569
-0.000017
0.000000
0.000560
-0.000017
0.000000
0.000560
-0.000017
0.000000
0.000550
-0.000017
0.000000
0.000550
-0.000016
0.000000
0.000540
-0.000016
0.000000
0.000540
-0.000016
0.000000
0.000527
-0.000016
0.000000
0.000527
-0.000015
0.000000
0.000523
-0.000015
0.000000
0.000523
-0.000011
0.000000
0.000535
-0.000011
0.000000
0.000535
-0.000005
0.000000
0.000565
-0.000005
0.000000
0.000565
0.000003
0.000000
0.000608
0.000003
0.000000
0.000608
0.000012
0.000000
0.000644
0.000012
0.000000
0.000644
0.000024
0.000000
0.000670
0.000024
0.000000
0.000670
0.000038
0.000000
0.000704
0.000038
0.000000
0.000704
0.000056
0.000000
0.000744
0.000056
0.000000
0.000744
0.000076
0.000000
0.000777
0.000076
0.000000
0.000777
0.000104
0.000000
0.000810
0.000104
0.000000
0.000810
0.000150
0.000000
0.000899
0.000150
0.000000
0.000899
0.000221
0.000000
0.001040
0.000221
0.000000
0.001040
0.000341
0.000000
0.001217
0.000341
0.000000
0.001217
0.000560
0.000000
0.001443
0.000560
0.000000
0.001443
0.001340
0.000000
0.002110
0.001340
0.000000
0.002110
0.003299
0.000000
0.002398
0.003299
0.000000
0.002398
0.005649
-0.000000
0.000842
0.005649
-0.000000
0.000842
-0.000031
0.000000
0.001022
-0.000031
0.000000
0.001022
-0.000034
0.000000
0.001120
-0.000034
0.000000
0.001120
-0.000037
0.000000
0.001231
-0.000037
0.000000
0.001231
-0.000040
0.000000
0.001349
-0.000040
0.000000
0.001349
-0.000044
0.000000
0.001478
-0.000044
0.000000
0.001478
-0.000048
0.000000
0.001604
-0.000048
0.000000
0.001604
-0.000050
0.000000
0.001659
-0.000050
0.000000
0.001659
-0.000050
0.000000
0.001664
-0.000050
0.000000
0.001664
-0.000050
0.000000
0.001662
-0.000050
0.000000
0.001662
-0.000050
0.000000
0.001653
-0.000050
0.000000
0.001653
-0.000050
0.000000
0.001651
-0.000050
0.000000
0.001651
-0.000050
0.000000
0.001651
-0.000050
0.000000
0.001651
-0.000050
0.000000
0.001650
-0.000050
0.000000
0.001650
-0.000050
0.000000
0.001652
-0.000050
0.000000
0.001652
-0.000050
0.000000
0.001664
-0.000050
0.000000
0.001664
-0.000050
0.000000
0.001668
-0.000050
0.000000
0.001668
-0.000050
0.000000
0.001656
-0.000050
0.000000
0.001656
-0.000050
0.000000
0.001651
-0.000050
0.000000
0.001651
-0.000050
0.000000
0.001652
-0.000050
0.000000
0.001652
-0.000050
0.000000
0.001651
-0.000050
0.000000
0.001651
-0.000050
0.000000
0.001651
-0.000050
0.000000
0.001651
-0.000050
0.000000
0.001649
-0.000050
0.000000
0.001649
-0.000050
0.000000
0.001653
-0.000050
0.000000
0.001653
-0.000050
0.000000
0.001658
-0.000050
0.000000
0.001658
-0.000050
0.000000
0.001661
-0.000050
0.000000
0.001661
-0.000050
0.000000
0.001663
-0.000050
0.000000
0.001663
-0.000050
0.000000
0.001662
-0.000050
0.000000
0.001662
-0.000050
0.000000
0.001662
-0.000050
0.000000
0.001662
-0.000050
0.000000
0.001660
-0.000050
0.000000
0.001660
-0.000050
0.000000
0.001656
-0.000050
0.000000
0.001656
-0.000050
0.000000
0.001659
-0.000050
0.000000
0.001659
-0.000050
0.000000
0.001666
-0.000050
0.000000
0.001666
-0.000050
0.000000
0.001665
-0.000050
0.000000
0.001665
-0.000050
0.000000
0.001653
-0.000050
0.000000
0.001653
-0.000049
0.000000
0.001645
-0.000049
0.000000
0.001645
-0.000049
0.000000
0.001647
-0.000049
0.000000
0.001647
-0.000049
0.000000
0.001646
-0.000049
0.000000
0.001646
-0.000049
0.000000
0.001641
-0.000049
0.000000
0.001641
-0.000049
0.000000
0.001639
-0.000049
0.000000
0.001639
-0.000049
0.000000
0.001641
-0.000049
0.000000
0.001641
-0.000049
0.000000
0.001644
-0.000049
0.000000
0.001644
-0.000049
0.000000
0.001643
-0.000049
0.000000
0.001643
-0.000049
0.000000
0.001641
-0.000049
0.000000
0.001641
-0.000049
0.000000
0.001641
-0.000049
0.000000
0.001641
-0.000049
0.000000
0.001637
-0.000049
0.000000
0.001637
-0.000047
0.000000
0.001560
-0.000047
0.000000
0.001560
-0.000043
0.000000
0.001429
-0.000043
0.000000
0.001429
-0.000043
0.000000
0.001528
-0.000043
0.000000
0.001528
0.000041
0.000000
0.001927
0.000041
0.000000
0.001927
0.006082
-0.000000
-0.001274
0.006082
-0.000000
-0.001274
0.004796
-0.000000
-0.002390
0.004796
-0.000000
-0.002390
0.003662
-0.000000
-0.002777
0.003662
-0.000000
-0.002777
0.002868
-0.000000
-0.002835
0.002868
-0.000000
-0.002835
0.002232
-0.000000
-0.002672
0.002232
-0.000000
-0.002672
0.001726
-0.000000
-0.002400
0.001726
-0.000000
-0.002400
0.001386
-0.000000
-0.002197
0.001386
-0.000000
-0.002197
0.001172
-0.000000
-0.002083
0.001172
-0.000000
-0.002083
0.000996
-0.000000
-0.001956
0.000996
-0.000000
-0.001956
0.000834
-0.000000
-0.001795
0.000834
-0.000000
-0.001795
0.000708
-0.000000
-0.001665
0.000708
-0.000000
-0.001665
0.000619
-0.000000
-0.001590
0.000619
-0.000000
-0.001590
0.000535
-0.000000
-0.001488
0.000535
-0.000000
-0.001488
0.000452
0.000000
-0.001361
0.000452
0.000000
-0.001361
0.000387
0.000000
-0.001268
0.000387
0.000000
-0.001268
0.000341
0.000000
-0.001192
0.000341
0.000000
-0.001192
0.000283
0.000000
-0.001084
0.000283
0.000000
-0.001084
0.000228
0.000000
-0.000956
0.000228
0.000000
-0.000956
0.000190
0.000000
-0.000857
0.000190
0.000000
-0.000857
0.000155
0.000000
-0.000774
0.000155
0.000000
-0.000774
0.000121
0.000000
-0.000663
0.000121
0.000000
-0.000663
0.000086
0.000000
-0.000521
0.000086
0.000000
-0.000521
0.000058
0.000000
-0.000404
0.000058
0.000000
-0.000404
0.000040
0.000000
-0.000313
0.000040
0.000000
-0.000313
0.000021
0.000000
-0.000182
0.000021
0.000000
-0.000182
0.000002
0.000000
-0.000018
0.000002
0.000000
-0.000018
-0.000008
0.000000
0.000119
-0.000008
0.000000
0.000119
-0.000011
0.000000
0.000230
-0.000011
0.000000
0.000230
-0.000011
0.000000
0.000309
-0.000011
0.000000
0.000309
-0.000005
0.000000
0.000421
-0.000005
0.000000
0.000421
0.000002
0.000000
0.000580
0.000002
0.000000
0.000580
0.000016
0.000000
0.000736
0.000016
0.000000
0.000736
0.000037
0.000000
0.000910
0.000037
0.000000
0.000910
0.000054
0.000000
0.001094
0.000054
0.000000
0.001094
0.000065
-0.000000
0.001256
0.000065
-0.000000
0.001256
0.000071
-0.000000
0.001388
0.000071
-0.000000
0.001388
0.000079
-0.000000
0.001531
0.000079
-0.000000
0.001531
0.000088
0.000000
0.001705
0.000088
0.000000
0.001705
0.000097
0.000000
0.001894
0.000097
0.000000
0.001894
0.000107
0.000000
0.002083
0.000107
0.000000
0.002083
0.000118
0.000000
0.002301
0.000118
0.000000
0.002301
0.000125
0.000000
0.002433
0.000125
0.000000
0.002433
0.000125
0.000000
0.002441
0.000125
0.000000
0.002441
0.000126
0.000000
0.002446
0.000126
0.000000
0.002446
0.000126
0.000000
0.002453
0.000126
0.000000
0.002453
0.000127
0.000000
0.002462
0.000127
0.000000
0.002462
0.000127
0.000000
0.002470
0.000127
0.000000
0.002470
0.000127
0.000000
0.002475
0.000127
0.000000
0.002475
0.000128
0.000000
0.002482
0.000128
0.000000
0.002482
0.000128
0.000000
0.002489
0.000128
0.000000
0.002489
0.000129
0.000000
0.002508
0.000129
0.000000
0.002508
0.000130
0.000000
0.002537
0.000130
0.000000
0.002537
0.000131
0.000000
0.002551
0.000131
0.000000
0.002551
0.000131
0.000000
0.002556
0.000131
0.000000
0.002556
0.000132
0.000000
0.002562
0.000132
0.000000
0.002562
0.000132
0.000000
0.002571
0.000132
0.000000
0.002571
0.000133
-0.000000
0.002578
0.000133
-0.000000
0.002578
0.000133
-0.000000
0.002596
0.000133
-0.000000
0.002596
0.000134
-0.000000
0.002603
0.000134
-0.000000
0.002603
0.000133
0.000000
0.002587
0.000133
0.000000
0.002587
0.000133
0.000000
0.002594
0.000133
0.000000
0.002594
0.000134
0.000000
0.002607
0.000134
0.000000
0.002607
0.000134
0.000000
0.002609
0.000134
0.000000
0.002609
0.000135
0.000000
0.002624
0.000135
0.000000
0.002624
0.000135
0.000000
0.002628
0.000135
0.000000
0.002628
0.000135
0.000000
0.002622
0.000135
0.000000
0.002622
0.000135
0.000000
0.002629
0.000135
0.000000
0.002629
0.000135
0.000000
0.002635
0.000135
0.000000
0.002635
0.000136
0.000000
0.002640
0.000136
0.000000
0.002640
0.000136
0.000000
0.002643
0.000136
0.000000
0.002643
0.000136
0.000000
0.002645
0.000136
0.000000
0.002645
0.000136
0.000000
0.002649
0.000136
0.000000
0.002649
0.000136
0.000000
0.002653
0.000136
0.000000
0.002653
0.000130
0.000000
0.002523
0.000130
0.000000
0.002523
0.000118
0.000000
0.002291
0.000118
0.000000
0.002291
0.000107
-0.000000
0.002091
0.000107
-0.000000
0.002091
0.000126
-0.000000
0.002443
0.000126
-0.000000
0.002443
0.000772
-0.000000
0.003571
0.000772
-0.000000
0.003571
0.000131
0.000000
0.002226
0.000131
0.000000
0.002226
0.000134
0.000000
0.002271
0.000134
0.000000
0.002271
0.000131
0.000000
0.002213
0.000131
0.000000
0.002213
0.000125
0.000000
0.002116
0.000125
0.000000
0.002116
0.000118
0.000000
0.002000
0.000118
0.000000
0.002000
0.000110
0.000000
0.001868
0.000110
0.000000
0.001868
0.000102
0.000000
0.001734
0.000102
0.000000
0.001734
0.000095
0.000000
0.001606
0.000095
0.000000
0.001606
0.000087
0.000000
0.001470
0.000087
0.000000
0.001470
0.000079
0.000000
0.001331
0.000079
0.000000
0.001331
0.000071
0.000000
0.001202
0.000071
0.000000
0.001202
0.000064
0.000000
0.001079
0.000064
0.000000
0.001079
0.000057
0.000000
0.000965
0.000057
0.000000
0.000965
0.000051
0.000000
0.000860
0.000051
0.000000
0.000860
0.000042
0.000000
0.000712
0.000042
0.000000
0.000712
0.000032
0.000000
0.000534
0.000032
0.000000
0.000534
0.000021
0.000000
0.000352
0.000021
0.000000
0.000352
0.000006
-0.000000
0.000094
0.000006
-0.000000
0.000094
0.000056
0.000000
0.000141
0.000056
0.000000
0.000141
0.001460
0.000000
0.004403
0.001460
0.000000
0.004403
0.001524
0.000000
0.004555
0.001524
0.000000
0.004555
0.001487
0.000000
0.004445
0.001487
0.000000
0.004445
0.001428
0.000000
0.004268
0.001428
0.000000
0.004268
0.001365
0.000000
0.004080
0.001365
0.000000
0.004080
0.001272
0.000000
0.003800
0.001272
0.000000
0.003800
0.001179
0.000000
0.003525
0.001179
0.000000
0.003525
0.001096
0.000000
0.003275
0.001096
0.000000
0.003275
0.001007
0.000000
0.003009
0.001007
0.000000
0.003009
0.000926
0.000000
0.002769
0.000926
0.000000
0.002769
0.000847
0.000000
0.002532
0.000847
0.000000
0.002532
0.000765
0.000000
0.002285
0.000765
0.000000
0.002285
0.000687
0.000000
0.002053
0.000687
0.000000
0.002053
0.000614
0.000000
0.001835
0.000614
0.000000
0.001835
0.000522
-0.000000
0.001561
0.000522
-0.000000
0.001561
0.000415
-0.000000
0.001241
0.000415
-0.000000
0.001241
0.000308
-0.000000
0.000922
0.000308
-0.000000
0.000922
0.000184
0.000000
0.000549
0.000184
0.000000
0.000549
