0.000017
0.000017
0.000017
0.000016
0.000016
0.000016
0.000017
0.000016
0.000016
0.000016
0.000016
0.000016
0.000016
0.000017
0.000017
0.000017
0.000017
0.000017
0.000017
0.000016
0.000016
0.000016
0.000016
0.000016
0.000017
0.000017
0.000017
0.000017
0.000017
0.000018
0.000022
0.000025
0.000027
0.000027
0.000027
0.000028
0.000028
0.000028
0.000028
0.000027
0.000027
0.000027
0.000027
0.000028
0.000028
0.000028
0.000028
0.000027
0.000027
0.000027
0.000027
0.000027
0.000028
0.000028
0.000028
0.000027
0.000027
0.000027
0.000027
0.000027
0.000028
0.000028
0.000028
0.000027
0.000027
0.000027
0.000027
0.000027
0.000027
0.000028
0.000028
0.000027
0.000027
0.000027
0.000027
0.000027
0.000027
0.000028
0.000028
0.000027
0.000027
0.000027
0.000027
0.000027
0.000027
0.000027
0.000028
0.000027
0.000027
0.000027
0.000027
0.000027
0.000027
0.000027
0.000027
0.000027
0.000027
0.000027
0.000027
0.000027
0.000027
0.000027
0.000027
0.000003
0.000003
0.000003
0.000003
0.000003
0.000003
0.000003
0.000003
0.000003
0.000003
0.000003
0.000003
0.000003
0.000003
0.000003
0.000003
0.000003
0.000003
0.000003
0.000003
0.000003
0.000003
0.000003
0.000003
0.000003
0.000003
0.000003
0.000003
0.000003
0.000027
0.000032
0.000039
0.000047
0.000047
0.000047
0.000047
0.000047
0.000047
0.000047
0.000047
0.000047
0.000047
0.000047
0.000047
0.000047
0.000047
0.000047
0.000047
0.000047
0.000047
0.000047
0.000047
0.000047
0.000047
0.000047
0.000047
0.000047
0.000047
0.000047
0.000047
0.000047
0.000047
0.000047
0.000047
0.000048
0.000047
0.000047
0.000047
0.000047
0.000048
0.000049
0.000046
0.000047
0.000047
0.000047
0.000048
0.000050
0.000045
0.000045
0.000047
0.000045
0.000045
0.000047
0.000044
0.000043
0.000039
0.000032
0.000027
0.000022
0.000019
0.000016
0.000013
0.000011
0.000009
0.000008
0.000006
0.000005
0.000004
0.000004
0.000003
0.000003
0.000002
0.000002
0.000019
0.000019
0.000019
0.000019
0.000019
0.000019
0.000019
0.000019
0.000019
0.000019
0.000018
0.000019
0.000019
0.000019
0.000019
0.000019
0.000019
0.000019
0.000019
0.000019
0.000018
0.000018
0.000018
0.000019
0.000019
0.000019
0.000019
0.000020
0.000020
0.000027
0.000027
0.000027
0.000027
0.000027
0.000027
0.000027
0.000027
0.000028
0.000028
0.000028
0.000028
0.000027
0.000027
0.000027
0.000027
0.000028
0.000028
0.000028
0.000028
0.000027
0.000027
0.000027
0.000027
0.000028
0.000028
0.000027
0.000027
0.000027
0.000027
0.000027
0.000027
0.000028
0.000028
0.000027
0.000027
0.000027
0.000027
0.000027
0.000027
0.000028
0.000028
0.000027
0.000027
0.000027
0.000027
0.000027
0.000027
0.000028
0.000027
0.000027
0.000027
0.000027
0.000027
0.000027
0.000027
0.000027
0.000027
0.000027
0.000027
0.000027
0.000027
0.000027
0.000027
0.000027
0.000027
0.000027
0.000027
0.000027
0.000027
0.000027
0.000027
0.000027
0.000027
0.000003
0.000003
0.000003
0.000003
0.000003
0.000003
0.000003
0.000003
0.000003
0.000003
0.000003
0.000003
0.000003
0.000003
0.000003
0.000003
0.000003
0.000003
0.000003
0.000003
0.000003
0.000003
0.000003
0.000003
0.000003
0.000003
0.000003
0.000003
0.000003
0.000027
0.000032
0.000038
0.000046
0.000049
0.000049
0.000049
0.000049
0.000049
0.000049
0.000049
0.000049
0.000049
0.000049
0.000049
0.000049
0.000049
0.000049
0.000049
0.000049
0.000049
0.000049
0.000049
0.000049
0.000049
0.000049
0.000049
0.000049
0.000049
0.000049
0.000049
0.000049
0.000049
0.000050
0.000049
0.000049
0.000049
0.000050
0.000050
0.000049
0.000049
0.000051
0.000050
0.000049
0.000049
0.000052
0.000051
0.000049
0.000048
0.000053
0.000051
0.000049
0.000047
0.000056
0.000054
0.000052
0.000045
0.000037
0.000029
0.000024
0.000020
0.000016
0.000013
0.000011
0.000009
0.000008
0.000006
0.000005
0.000004
0.000004
0.000003
0.000003
0.000002
0.000002
