-0.002058
0.000011
0.000474
-0.002058
0.000011
0.000474
-0.000777
0.000004
0.000077
-0.000777
0.000004
0.000077
-0.001823
0.000015
-0.000326
-0.001823
0.000015
-0.000326
-0.004299
0.000067
-0.002429
-0.004299
0.000067
-0.002429
-0.005353
0.000161
-0.005921
-0.005353
0.000161
-0.005921
-0.005477
0.000325
-0.010000
-0.005477
0.000325
-0.010000
-0.005431
0.000561
-0.014100
-0.005431
0.000561
-0.014100
-0.005068
0.000665
-0.015477
-0.005068
0.000665
-0.015477
-0.004534
0.000546
-0.015436
-0.004534
0.000546
-0.015436
-0.003873
0.000368
-0.016322
-0.003873
0.000368
-0.016322
-0.003341
0.000196
-0.017261
-0.003341
0.000196
-0.017261
-0.002796
0.000016
-0.017733
-0.002796
0.000016
-0.017733
-0.002258
-0.000168
-0.017797
-0.002258
-0.000168
-0.017797
-0.002178
-0.000247
-0.016551
-0.002178
-0.000247
-0.016551
-0.002055
-0.000150
-0.014478
-0.002055
-0.000150
-0.014478
-0.001655
0.000001
-0.014285
-0.001655
0.000001
-0.014285
-0.001444
0.000148
-0.015806
-0.001444
0.000148
-0.015806
-0.001040
0.000265
-0.015116
-0.001040
0.000265
-0.015116
-0.000532
0.000317
-0.012080
-0.000532
0.000317
-0.012080
-0.000098
0.000404
-0.010833
-0.000098
0.000404
-0.010833
0.000294
0.000590
-0.011496
0.000294
0.000590
-0.011496
0.000592
0.000751
-0.011129
0.000592
0.000751
-0.011129
0.000799
0.000833
-0.009538
0.000799
0.000833
-0.009538
0.000997
0.000951
-0.008502
0.000997
0.000951
-0.008502
0.001440
0.001336
-0.009358
0.001440
0.001336
-0.009358
0.003385
0.001796
-0.011063
0.003385
0.001796
-0.011063
0.005022
0.001741
-0.011301
0.005022
0.001741
-0.011301
0.005012
0.001356
-0.010560
0.005012
0.001356
-0.010560
0.004827
0.001037
-0.009661
0.004827
0.001037
-0.009661
0.004414
0.000761
-0.008460
0.004414
0.000761
-0.008460
0.004200
0.000575
-0.007737
0.004200
0.000575
-0.007737
0.004222
0.000442
-0.007649
0.004222
0.000442
-0.007649
0.004240
0.000280
-0.007570
0.004240
0.000280
-0.007570
0.004304
0.000103
-0.007469
0.004304
0.000103
-0.007469
0.003656
-0.000050
-0.006222
0.003656
-0.000050
-0.006222
0.002980
-0.000135
-0.005499
0.002980
-0.000135
-0.005499
0.003509
-0.000106
-0.006976
0.003509
-0.000106
-0.006976
0.004523
0.000020
-0.008854
0.004523
0.000020
-0.008854
0.005230
0.000187
-0.010077
0.005230
0.000187
-0.010077
0.005191
0.000283
-0.010566
0.005191
0.000283
-0.010566
0.005478
0.000213
-0.011771
0.005478
0.000213
-0.011771
0.006733
0.000030
-0.014171
0.006733
0.000030
-0.014171
0.007894
-0.000224
-0.016285
0.007894
-0.000224
-0.016285
0.007803
-0.000375
-0.017039
0.007803
-0.000375
-0.017039
0.007510
-0.000248
-0.017398
0.007510
-0.000248
-0.017398
0.008544
0.000029
-0.019321
0.008544
0.000029
-0.019321
0.009751
0.000350
-0.021559
0.009751
0.000350
-0.021559
0.009259
0.000510
-0.021533
0.009259
0.000510
-0.021533
0.008536
0.000338
-0.021025
0.008536
0.000338
-0.021025
0.009296
0.000023
-0.022318
0.009296
0.000023
-0.022318
0.010142
-0.000321
-0.023778
0.010142
-0.000321
-0.023778
0.009676
-0.000506
-0.023916
0.009676
-0.000506
-0.023916
0.008995
-0.000337
-0.023547
0.008995
-0.000337
-0.023547
0.009320
-0.000006
-0.023786
0.009320
-0.000006
-0.023786
0.009816
0.000332
-0.024462
0.009816
0.000332
-0.024462
0.009230
0.000500
-0.024226
0.009230
0.000500
-0.024226
0.008523
0.000331
-0.023709
0.008523
0.000331
-0.023709
0.008897
0.000017
-0.024148
0.008897
0.000017
-0.024148
0.009156
-0.000296
-0.024290
0.009156
-0.000296
-0.024290
0.008383
-0.000447
-0.023394
0.008383
-0.000447
-0.023394
0.007694
-0.000298
-0.022751
0.007694
-0.000298
-0.022751
0.007924
-0.000019
-0.022893
0.007924
-0.000019
-0.022893
0.008068
0.000256
-0.022808
0.008068
0.000256
-0.022808
0.007356
0.000386
-0.021914
0.007356
0.000386
-0.021914
0.006805
0.000253
-0.021532
0.006805
0.000253
-0.021532
0.007030
0.000006
-0.021765
0.007030
0.000006
-0.021765
0.006859
-0.000227
-0.020811
0.006859
-0.000227
-0.020811
0.006135
-0.000336
-0.019611
0.006135
-0.000336
-0.019611
0.005695
-0.000231
-0.019295
0.005695
-0.000231
-0.019295
0.005733
-0.000027
-0.019032
0.005733
-0.000027
-0.019032
0.005647
0.000167
-0.018394
0.005647
0.000167
-0.018394
0.005047
0.000255
-0.017338
0.005047
0.000255
-0.017338
0.004465
0.000161
-0.016329
0.004465
0.000161
-0.016329
0.004369
-0.000001
-0.015679
0.004369
-0.000001
-0.015679
0.004222
-0.000144
-0.014886
0.004222
-0.000144
-0.014886
0.003771
-0.000210
-0.014021
0.003771
-0.000210
-0.014021
0.003450
-0.000144
-0.013632
0.003450
-0.000144
-0.013632
0.003471
-0.000021
-0.013485
0.003471
-0.000021
-0.013485
0.003393
0.000095
-0.012980
0.003393
0.000095
-0.012980
0.002954
0.000146
-0.011936
0.002954
0.000146
-0.011936
0.002582
0.000091
-0.011156
0.002582
0.000091
-0.011156
0.002507
-0.000000
-0.010679
0.002507
-0.000000
-0.010679
0.002224
-0.000073
-0.009351
0.002224
-0.000073
-0.009351
0.001797
-0.000100
-0.007978
0.001797
-0.000100
-0.007978
0.001591
-0.000067
-0.007549
0.001591
-0.000067
-0.007549
0.001533
-0.000012
-0.007194
0.001533
-0.000012
-0.007194
0.001319
0.000033
-0.006129
0.001319
0.000033
-0.006129
0.000978
0.000047
-0.004794
0.000978
0.000047
-0.004794
0.000771
0.000028
-0.004076
0.000771
0.000028
-0.004076
0.000683
0.000002
-0.003588
0.000683
0.000002
-0.003588
0.000459
-0.000012
-0.002398
0.000459
-0.000012
-0.002398
0.000212
-0.000011
-0.001148
0.000212
-0.000011
-0.001148
0.000110
-0.000005
-0.000652
0.000110
-0.000005
-0.000652
0.000033
-0.000001
-0.000195
0.000033
-0.000001
-0.000195
-0.000142
-0.000005
0.000844
-0.000142
-0.000005
0.000844
-0.000313
-0.000015
0.002008
-0.000313
-0.000015
0.002008
-0.000421
-0.000014
0.002849
-0.000421
-0.000014
0.002849
-0.000502
-0.000003
0.003415
-0.000502
-0.000003
0.003415
-0.000597
0.000014
0.004101
-0.000597
0.000014
0.004101
-0.000667
0.000025
0.004991
-0.000667
0.000025
0.004991
-0.000702
0.000012
0.005704
-0.000702
0.000012
0.005704
-0.000771
-0.000020
0.006382
-0.000771
-0.000020
0.006382
-0.000863
-0.000064
0.007305
-0.000863
-0.000064
0.007305
-0.000846
-0.000096
0.008137
-0.000846
-0.000096
0.008137
0.002812
0.000063
-0.000422
0.002812
0.000063
-0.000422
0.002701
0.000061
-0.000398
0.002701
0.000061
-0.000398
0.002776
0.000063
-0.000409
0.002776
0.000063
-0.000409
0.002743
0.000061
-0.000404
0.002743
0.000061
-0.000404
0.002711
0.000060
-0.000399
0.002711
0.000060
-0.000399
0.002673
0.000059
-0.000394
0.002673
0.000059
-0.000394
0.002527
0.000055
-0.000372
0.002527
0.000055
-0.000372
0.002488
0.000054
-0.000366
0.002488
0.000054
-0.000366
0.002563
0.000056
-0.000377
0.002563
0.000056
-0.000377
0.002440
0.000052
-0.000359
0.002440
0.000052
-0.000359
0.002162
0.000046
-0.000318
0.002162
0.000046
-0.000318
0.002109
0.000045
-0.000310
0.002109
0.000045
-0.000310
0.002232
0.000047
-0.000328
0.002232
0.000047
-0.000328
0.002193
0.000046
-0.000322
0.002193
0.000046
-0.000322
0.002068
0.000043
-0.000304
0.002068
0.000043
-0.000304
0.002104
0.000043
-0.000309
0.002104
0.000043
-0.000309
0.002180
0.000045
-0.000320
0.002180
0.000045
-0.000320
0.002111
0.000043
-0.000310
0.002111
0.000043
-0.000310
0.002028
0.000041
-0.000298
0.002028
0.000041
-0.000298
0.002191
0.000044
-0.000322
0.002191
0.000044
-0.000322
0.002521
0.000050
-0.000370
0.002521
0.000050
-0.000370
0.002698
0.000054
-0.000396
0.002698
0.000054
-0.000396
0.002698
0.000053
-0.000396
0.002698
0.000053
-0.000396
0.002213
0.000043
-0.000325
0.002213
0.000043
-0.000325
0.001585
0.000031
-0.000233
0.001585
0.000031
-0.000233
0.002535
0.000049
-0.000372
0.002535
0.000049
-0.000372
0.004518
0.000087
-0.000663
0.004518
0.000087
-0.000663
0.005376
0.000103
-0.000789
0.005376
0.000103
-0.000789
0.004930
0.000094
-0.000724
0.004930
0.000094
-0.000724
0.002228
-0.000024
-0.000933
0.002228
-0.000024
-0.000933
0.009168
-0.000283
-0.027463
0.009168
-0.000283
-0.027463
0.011604
-0.000064
-0.034489
0.011604
-0.000064
-0.034489
0.010793
0.000371
-0.033585
0.010793
0.000371
-0.033585
0.009781
0.000820
-0.031884
0.009781
0.000820
-0.031884
0.010236
0.001002
-0.030926
0.010236
0.001002
-0.030926
0.010244
0.000629
-0.028623
0.010244
0.000629
-0.028623
0.008898
0.000063
-0.025731
0.008898
0.000063
-0.025731
0.008149
-0.000430
-0.024427
0.008149
-0.000430
-0.024427
0.008444
-0.000649
-0.023337
0.008444
-0.000649
-0.023337
0.007794
-0.000393
-0.019770
0.007794
-0.000393
-0.019770
0.006366
-0.000012
-0.016682
0.006366
-0.000012
-0.016682
0.005931
0.000286
-0.016081
0.005931
0.000286
-0.016081
0.005739
0.000397
-0.014656
0.005739
0.000397
-0.014656
0.004600
0.000219
-0.010900
0.004600
0.000219
-0.010900
0.003147
0.000014
-0.007716
0.003147
0.000014
-0.007716
0.002700
-0.000116
-0.006873
0.002700
-0.000116
-0.006873
0.002443
-0.000153
-0.005935
0.002443
-0.000153
-0.005935
0.001257
-0.000066
-0.002815
0.001257
-0.000066
-0.002815
0.000208
-0.000002
-0.000485
0.000208
-0.000002
-0.000485
0.000353
0.000021
-0.000874
0.000353
0.000021
-0.000874
0.000263
0.000018
-0.000668
0.000263
0.000018
-0.000668
-0.000839
-0.000021
0.001895
-0.000839
-0.000021
0.001895
-0.001481
-0.000010
0.003421
-0.001481
-0.000010
0.003421
-0.000923
0.000022
0.002214
-0.000923
0.000022
0.002214
-0.001042
0.000055
0.002409
-0.001042
0.000055
0.002409
-0.002138
0.000076
0.004985
-0.002138
0.000076
0.004985
-0.002148
0.000033
0.005161
-0.002148
0.000033
0.005161
-0.001214
-0.000013
0.002991
-0.001214
-0.000013
0.002991
-0.001023
-0.000031
0.002436
-0.001023
-0.000031
0.002436
-0.001564
-0.000028
0.003653
-0.001564
-0.000028
0.003653
-0.001257
-0.000006
0.002981
-0.001257
-0.000006
0.002981
0.000200
-0.000013
-0.000517
0.000200
-0.000013
-0.000517
0.000826
-0.000026
-0.002000
0.000826
-0.000026
-0.002000
0.000278
-0.000009
-0.000644
0.000278
-0.000009
-0.000644
0.000594
0.000007
-0.001459
0.000594
0.000007
-0.001459
0.001906
0.000048
-0.004766
0.001906
0.000048
-0.004766
0.002433
0.000078
-0.005954
0.002433
0.000078
-0.005954
0.001881
0.000045
-0.004490
0.001881
0.000045
-0.004490
0.002065
-0.000003
-0.005104
0.002065
-0.000003
-0.005104
0.003309
-0.000069
-0.008406
0.003309
-0.000069
-0.008406
0.003932
-0.000115
-0.009832
0.003932
-0.000115
-0.009832
0.003906
-0.000078
-0.009631
0.003906
-0.000078
-0.009631
0.004203
-0.000005
-0.010676
0.004203
-0.000005
-0.010676
0.004980
0.000091
-0.013034
0.004980
0.000091
-0.013034
0.005810
0.000158
-0.014997
0.005810
0.000158
-0.014997
0.005829
0.000110
-0.014882
0.005829
0.000110
-0.014882
0.005632
0.000006
-0.014828
0.005632
0.000006
-0.014828
0.006241
-0.000107
-0.016947
0.006241
-0.000107
-0.016947
0.007160
-0.000183
-0.019295
0.007160
-0.000183
-0.019295
0.007729
-0.000138
-0.020743
0.007729
-0.000138
-0.020743
0.007785
-0.000022
-0.021527
0.007785
-0.000022
-0.021527
0.007749
0.000103
-0.022104
0.007749
0.000103
-0.022104
0.008104
0.000177
-0.023044
0.008104
0.000177
-0.023044
0.008305
0.000124
-0.023562
0.008305
0.000124
-0.023562
0.008064
0.000007
-0.023594
0.008064
0.000007
-0.023594
0.008101
-0.000114
-0.024476
0.008101
-0.000114
-0.024476
0.008617
-0.000188
-0.026080
0.008617
-0.000188
-0.026080
0.008859
-0.000143
-0.026889
0.008859
-0.000143
-0.026889
0.008526
-0.000034
-0.026708
0.008526
-0.000034
-0.026708
0.008188
0.000071
-0.026495
0.008188
0.000071
-0.026495
0.008223
0.000130
-0.026813
0.008223
0.000130
-0.026813
0.008356
0.000091
-0.027451
0.008356
0.000091
-0.027451
0.008058
0.000003
-0.027329
0.008058
0.000003
-0.027329
0.007563
-0.000086
-0.026509
0.007563
-0.000086
-0.026509
0.007446
-0.000129
-0.026281
0.007446
-0.000129
-0.026281
0.007565
-0.000082
-0.026891
0.007565
-0.000082
-0.026891
0.007382
0.000008
-0.027153
0.007382
0.000008
-0.027153
0.006872
0.000093
-0.026208
0.006872
0.000093
-0.026208
0.006376
0.000167
-0.025157
0.006376
0.000167
-0.025157
0.006080
0.000235
-0.024858
0.006080
0.000235
-0.024858
0.005728
0.000308
-0.024441
0.005728
0.000308
-0.024441
0.005246
0.000393
-0.023419
0.005246
0.000393
-0.023419
0.004606
0.000454
-0.022401
0.004606
0.000454
-0.022401
0.004113
0.000461
-0.021937
0.004113
0.000461
-0.021937
0.003762
0.000448
-0.021005
0.003762
0.000448
-0.021005
0.006885
-0.000225
-0.021279
0.006885
-0.000225
-0.021279
0.007525
-0.000125
-0.022233
0.007525
-0.000125
-0.022233
0.007890
-0.000037
-0.022313
0.007890
-0.000037
-0.022313
0.007645
0.000037
-0.020664
0.007645
0.000037
-0.020664
0.007657
0.000079
-0.020011
0.007657
0.000079
-0.020011
0.008093
0.000080
-0.020446
0.008093
0.000080
-0.020446
0.007923
0.000054
-0.019117
0.007923
0.000054
-0.019117
0.007196
0.000027
-0.016554
0.007196
0.000027
-0.016554
0.007018
0.000003
-0.015373
0.007018
0.000003
-0.015373
0.007287
-0.000009
-0.015388
0.007287
-0.000009
-0.015388
0.006447
0.000000
-0.013162
0.006447
0.000000
-0.013162
0.004255
0.000010
-0.008292
0.004255
0.000010
-0.008292
0.002993
0.000012
-0.005501
0.002993
0.000012
-0.005501
0.003107
0.000013
-0.005409
0.003107
0.000013
-0.005409
0.002470
0.000009
-0.004114
0.002470
0.000009
-0.004114
0.000689
0.000002
-0.001123
0.000689
0.000002
-0.001123
-0.000564
-0.000000
0.000815
-0.000564
-0.000000
0.000815
-0.000780
0.000000
0.001071
-0.000780
0.000000
0.001071
-0.000571
0.000000
0.000737
-0.000571
0.000000
0.000737
-0.000743
0.000000
0.000866
-0.000743
0.000000
0.000866
-0.001080
-0.000001
0.001178
-0.001080
-0.000001
0.001178
-0.000322
-0.000000
0.000357
-0.000322
-0.000000
0.000357
0.000745
0.000001
-0.000645
0.000745
0.000001
-0.000645
0.000861
0.000001
-0.000685
0.000861
0.000001
-0.000685
0.000897
-0.000000
-0.000593
0.000897
-0.000000
-0.000593
0.002093
-0.000004
-0.001129
0.002093
-0.000004
-0.001129
0.001845
-0.000005
-0.000901
0.001845
-0.000005
-0.000901
-0.001188
0.000007
0.000275
-0.001188
0.000007
0.000275
0.001330
0.000099
0.000427
0.001330
0.000099
0.000427
0.002265
0.000044
-0.000349
0.002265
0.000044
-0.000349
0.002602
0.000050
-0.000400
0.002602
0.000050
-0.000400
0.003051
0.000059
-0.000469
0.003051
0.000059
-0.000469
0.002984
0.000058
-0.000459
0.002984
0.000058
-0.000459
0.002906
0.000057
-0.000446
0.002906
0.000057
-0.000446
0.002971
0.000059
-0.000456
0.002971
0.000059
-0.000456
0.002739
0.000054
-0.000420
0.002739
0.000054
-0.000420
0.002302
0.000046
-0.000353
0.002302
0.000046
-0.000353
0.002052
0.000041
-0.000315
0.002052
0.000041
-0.000315
0.001946
0.000039
-0.000298
0.001946
0.000039
-0.000298
0.001972
0.000040
-0.000302
0.001972
0.000040
-0.000302
0.002206
0.000045
-0.000338
0.002206
0.000045
-0.000338
0.002338
0.000048
-0.000358
0.002338
0.000048
-0.000358
0.002220
0.000046
-0.000340
0.002220
0.000046
-0.000340
0.002223
0.000046
-0.000340
0.002223
0.000046
-0.000340
0.002513
0.000052
-0.000384
0.002513
0.000052
-0.000384
0.002685
0.000056
-0.000410
0.002685
0.000056
-0.000410
0.002595
0.000054
-0.000396
0.002595
0.000054
-0.000396
0.002620
0.000055
-0.000400
0.002620
0.000055
-0.000400
0.002817
0.000060
-0.000430
0.002817
0.000060
-0.000430
0.002865
0.000061
-0.000437
0.002865
0.000061
-0.000437
0.002758
0.000059
-0.000420
0.002758
0.000059
-0.000420
0.002777
0.000060
-0.000423
0.002777
0.000060
-0.000423
0.002903
0.000063
-0.000442
0.002903
0.000063
-0.000442
0.002911
0.000063
-0.000443
0.002911
0.000063
-0.000443
0.002804
0.000061
-0.000427
0.002804
0.000061
-0.000427
0.002816
0.000062
-0.000428
0.002816
0.000062
-0.000428
0.002932
0.000065
-0.000446
0.002932
0.000065
-0.000446
-0.000866
-0.000095
0.009595
-0.000866
-0.000095
0.009595
-0.001045
-0.000069
0.012110
-0.001045
-0.000069
0.012110
-0.001206
-0.000047
0.015357
-0.001206
-0.000047
0.015357
-0.001324
-0.000058
0.018818
-0.001324
-0.000058
0.018818
-0.001387
-0.000108
0.022078
-0.001387
-0.000108
0.022078
-0.001163
-0.000133
0.023819
-0.001163
-0.000133
0.023819
-0.000786
-0.000080
0.023896
-0.000786
-0.000080
0.023896
-0.000513
0.000004
0.025326
-0.000513
0.000004
0.025326
-0.000134
0.000065
0.028361
-0.000134
0.000065
0.028361
0.000342
0.000090
0.029951
0.000342
0.000090
0.029951
0.000819
0.000099
0.029812
0.000819
0.000099
0.029812
0.001318
0.000091
0.030925
0.001318
0.000091
0.030925
0.001975
0.000015
0.033651
0.001975
0.000015
0.033651
0.002705
-0.000135
0.035000
0.002705
-0.000135
0.035000
0.002983
-0.000194
0.034213
0.002983
-0.000194
0.034213
0.003440
-0.000009
0.034885
0.003440
-0.000009
0.034885
0.004574
0.000335
0.037783
0.004574
0.000335
0.037783
0.005043
0.000495
0.038641
0.005043
0.000495
0.038641
0.005270
0.000243
0.037217
0.005270
0.000243
0.037217
0.006412
-0.000237
0.037976
0.006412
-0.000237
0.037976
0.007098
-0.000478
0.040408
0.007098
-0.000478
0.040408
0.007533
-0.000130
0.040808
0.007533
-0.000130
0.040808
0.008484
0.000523
0.039383
0.008484
0.000523
0.039383
0.008709
0.000820
0.039033
0.008709
0.000820
0.039033
0.009624
0.000384
0.041321
0.009624
0.000384
0.041321
0.011525
-0.000522
0.043080
0.011525
-0.000522
0.043080
0.011206
-0.000943
0.041629
0.011206
-0.000943
0.041629
0.010986
-0.000318
0.040484
0.010986
-0.000318
0.040484
0.012888
0.000829
0.041337
0.012888
0.000829
0.041337
0.012657
0.001338
0.040388
0.012657
0.001338
0.040388
0.011921
0.000637
0.037840
0.011921
0.000637
0.037840
0.013471
-0.000616
0.037200
0.013471
-0.000616
0.037200
0.013611
-0.001222
0.038061
0.013611
-0.001222
0.038061
0.013465
-0.000446
0.037878
0.013465
-0.000446
0.037878
0.014475
0.000971
0.035518
0.014475
0.000971
0.035518
0.013126
0.001525
0.032466
0.013126
0.001525
0.032466
0.012726
0.000685
0.031832
0.012726
0.000685
0.031832
0.015045
-0.000865
0.032721
0.015045
-0.000865
0.032721
0.014076
-0.001566
0.031609
0.014076
-0.001566
0.031609
0.012677
-0.000580
0.029574
0.012677
-0.000580
0.029574
0.013931
0.001087
0.027968
0.013931
0.001087
0.027968
0.012556
0.001753
0.025999
0.012556
0.001753
0.025999
0.012121
0.000779
0.025970
0.012121
0.000779
0.025970
0.014999
-0.001063
0.027408
0.014999
-0.001063
0.027408
0.013221
-0.001810
0.025226
0.013221
-0.001810
0.025226
0.012125
-0.000606
0.024589
0.012125
-0.000606
0.024589
0.016683
0.001667
0.028493
0.016683
0.001667
0.028493
0.015108
0.002479
0.028246
0.015108
0.002479
0.028246
0.012886
0.000249
0.027393
0.012886
0.000249
0.027393
0.018543
-0.004550
0.033152
0.018543
-0.004550
0.033152
0.013859
-0.006979
0.036387
0.013859
-0.006979
0.036387
0.006708
-0.003417
0.035348
0.006708
-0.003417
0.035348
0.010506
0.002748
0.038849
0.010506
0.002748
0.038849
0.007507
0.005508
0.034493
0.007507
0.005508
0.034493
0.002418
0.004183
0.024568
0.002418
0.004183
0.024568
0.002644
0.002758
0.019182
0.002644
0.002758
0.019182
0.001685
0.001441
0.010814
0.001685
0.001441
0.010814
0.000434
0.000351
0.002726
0.000434
0.000351
0.002726
-0.000331
-0.000303
-0.002524
-0.000331
-0.000303
-0.002524
-0.000843
-0.000819
-0.006936
-0.000843
-0.000819
-0.006936
-0.001083
-0.001139
-0.009811
-0.001083
-0.001139
-0.009811
-0.000771
-0.000871
-0.007567
-0.000771
-0.000871
-0.007567
-0.000296
-0.000368
-0.003219
-0.000296
-0.000368
-0.003219
-0.000157
-0.000221
-0.001937
-0.000157
-0.000221
-0.001937
-0.000119
-0.000185
-0.001624
-0.000119
-0.000185
-0.001624
-0.000120
-0.000215
-0.001895
-0.000120
-0.000215
-0.001895
-0.000160
-0.000316
-0.002801
-0.000160
-0.000316
-0.002801
-0.000117
-0.000253
-0.002245
-0.000117
-0.000253
-0.002245
-0.000064
-0.000159
-0.001417
-0.000064
-0.000159
-0.001417
-0.000102
-0.000288
-0.002592
-0.000102
-0.000288
-0.002592
-0.000131
-0.000397
-0.003582
-0.000131
-0.000397
-0.003582
-0.000074
-0.000243
-0.002198
-0.000074
-0.000243
-0.002198
-0.000033
-0.000122
-0.001112
-0.000033
-0.000122
-0.001112
0.003621
0.000507
-0.021144
0.003621
0.000507
-0.021144
0.004480
0.000619
-0.025128
0.004480
0.000619
-0.025128
0.005704
0.000605
-0.031378
0.005704
0.000605
-0.031378
0.005681
0.000433
-0.032873
0.005681
0.000433
-0.032873
0.004467
0.000220
-0.028001
0.004467
0.000220
-0.028001
0.003579
0.000026
-0.024919
0.003579
0.000026
-0.024919
0.003076
-0.000072
-0.025112
0.003076
-0.000072
-0.025112
0.002331
-0.000001
-0.022780
0.002331
-0.000001
-0.022780
0.001488
0.000062
-0.017869
0.001488
0.000062
-0.017869
0.000955
-0.000012
-0.015391
0.000955
-0.000012
-0.015391
0.000650
-0.000067
-0.015306
0.000650
-0.000067
-0.015306
0.000311
-0.000007
-0.012574
0.000311
-0.000007
-0.012574
0.000068
0.000034
-0.007009
0.000068
0.000034
-0.007009
-0.000068
-0.000006
-0.004143
-0.000068
-0.000006
-0.004143
-0.000140
-0.000026
-0.003944
-0.000140
-0.000026
-0.003944
-0.000057
-0.000017
-0.001168
-0.000057
-0.000017
-0.001168
0.000353
-0.000026
0.003919
0.000353
-0.000026
0.003919
0.000624
0.000009
0.006311
0.000624
0.000009
0.006311
0.000667
0.000052
0.005654
0.000667
0.000052
0.005654
0.001036
-0.000022
0.007400
0.001036
-0.000022
0.007400
0.002046
-0.000104
0.012240
0.002046
-0.000104
0.012240
0.002627
0.000025
0.014265
0.002627
0.000025
0.014265
0.002689
0.000157
0.013124
0.002689
0.000157
0.013124
0.003408
-0.000032
0.015076
0.003408
-0.000032
0.015076
0.004914
-0.000220
0.019429
0.004914
-0.000220
0.019429
0.005520
0.000026
0.020202
0.005520
0.000026
0.020202
0.005488
0.000268
0.018648
0.005488
0.000268
0.018648
0.006395
-0.000041
0.020320
0.006395
-0.000041
0.020320
0.008351
-0.000345
0.024395
0.008351
-0.000345
0.024395
0.009247
0.000050
0.025473
0.009247
0.000050
0.025473
0.009032
0.000426
0.023560
0.009032
0.000426
0.023560
0.009588
-0.000020
0.023731
0.009588
-0.000020
0.023731
0.011495
-0.000448
0.026664
0.011495
-0.000448
0.026664
0.012781
0.000090
0.028341
0.012781
0.000090
0.028341
0.012825
0.000604
0.027218
0.012825
0.000604
0.027218
0.013113
-0.000002
0.026699
0.013113
-0.000002
0.026699
0.014234
-0.000563
0.027528
0.014234
-0.000563
0.027528
0.014577
0.000078
0.027038
0.014577
0.000078
0.027038
0.014168
0.000665
0.025369
0.014168
0.000665
0.025369
0.013822
-0.000001
0.023916
0.013822
-0.000001
0.023916
0.013783
-0.000575
0.022887
0.013783
-0.000575
0.022887
0.013362
0.000096
0.021346
0.013362
0.000096
0.021346
0.012085
0.000638
0.018839
0.012085
0.000638
0.018839
0.010858
0.000008
0.016391
0.010858
0.000008
0.016391
0.009546
-0.000470
0.014022
0.009546
-0.000470
0.014022
0.008537
0.000067
0.012069
0.008537
0.000067
0.012069
0.007933
0.000491
0.010955
0.007933
0.000491
0.010955
0.006703
0.000043
0.008981
0.006703
0.000043
0.008981
0.004149
-0.000268
0.005633
0.004149
-0.000268
0.005633
0.005773
0.000229
0.007819
0.005773
0.000229
0.007819
0.011678
0.000780
0.014588
0.011678
0.000780
0.014588
0.012820
0.000109
0.015977
0.012820
0.000109
0.015977
0.012230
-0.000499
0.014447
0.012230
-0.000499
0.014447
0.018175
0.001591
0.020350
0.018175
0.001591
0.020350
0.028306
0.005383
0.030941
0.028306
0.005383
0.030941
0.034873
0.008117
0.038245
0.034873
0.008117
0.038245
0.034429
0.009729
0.041553
0.034429
0.009729
0.041553
0.022122
0.007816
0.032029
0.022122
0.007816
0.032029
0.007398
0.003301
0.014982
0.007398
0.003301
0.014982
0.003583
0.001444
0.008055
0.003583
0.001444
0.008055
0.003409
0.001319
0.008164
0.003409
0.001319
0.008164
0.002322
0.000885
0.005815
0.002322
0.000885
0.005815
0.000664
0.000252
0.001716
0.000664
0.000252
0.001716
-0.000077
-0.000030
-0.000214
-0.000077
-0.000030
-0.000214
-0.000020
-0.000008
-0.000053
-0.000020
-0.000008
-0.000053
0.000182
0.000073
0.000544
0.000182
0.000073
0.000544
0.000379
0.000154
0.001158
0.000379
0.000154
0.001158
0.000652
0.000270
0.002051
0.000652
0.000270
0.002051
0.000935
0.000392
0.003005
0.000935
0.000392
0.003005
0.000756
0.000320
0.002472
0.000756
0.000320
0.002472
0.000395
0.000170
0.001319
0.000395
0.000170
0.001319
0.000299
0.000130
0.001016
0.000299
0.000130
0.001016
0.000329
0.000144
0.001133
0.000329
0.000144
0.001133
