0	0.036117	488.478420
1	0.038216	485.667360
2	0.040525	484.908840
3	0.043064	484.492680
4	0.045858	481.348440
5	0.048931	480.802080
6	0.052267	480.764880
7	0.055718	480.758340
8	0.059170	483.212340
9	0.062621	479.626200
10	0.066073	478.312500
11	0.069524	478.243800
12	0.072976	478.187520
13	0.076427	478.161600
14	0.079878	479.364060
15	0.083330	485.041680
16	0.086781	481.482360
17	0.090233	478.330380
18	0.093684	478.486500
19	0.097136	478.585140
20	0.100587	478.375620
21	0.104039	478.180680
22	0.107490	477.605760
23	0.110941	480.053640
24	0.114393	480.793560
25	0.117844	481.845600
26	0.121296	481.574460
27	0.124747	481.281840
28	0.128199	481.883160
29	0.131650	479.877420
30	0.135101	479.608800
31	0.138553	481.449720
32	0.142004	484.187220
33	0.145456	480.876840
34	0.148907	477.031020
35	0.152359	476.411460
36	0.155810	478.211580
37	0.159262	475.663380
38	0.162713	475.179660
39	0.166164	474.739140
40	0.169616	476.320080
41	0.173067	476.294220
42	0.176519	475.745040
43	0.179970	475.273320
44	0.183422	475.772820
45	0.186859	476.442600
46	0.190127	478.191240
47	0.193097	484.183140
48	0.195798	655.898160
49	0.034490	482.440020
50	0.033237	478.841940
51	0.031983	480.160980
52	0.030729	475.343220
53	0.029476	470.426220
54	0.028222	470.181840
55	0.026969	467.608800
56	0.025715	457.437120
57	0.024461	450.482100
58	0.023208	443.115840
59	0.021954	435.046920
60	0.020700	425.670660
61	0.019447	414.831420
62	0.018193	420.228240
63	0.016939	432.820920
64	0.015685	467.509680
65	0.014431	502.801980
66	0.013177	524.130420
67	0.011924	545.236320
68	0.010672	579.806520
69	0.009421	610.159200
70	0.008173	634.582260
71	0.006929	668.445420
72	0.005692	785.731020
73	0.004465	910.589100
74	0.003257	1106.657400
75	0.002087	1365.612720
76	0.001012	2642.143440
77	0.000245	4058.125800
78	0.040287	-285.700338
79	0.041511	-396.510660
80	0.042857	-461.838420
81	0.044338	-529.476720
82	0.045966	-585.306180
83	0.047756	-634.195500
84	0.049725	-641.459160
85	0.051891	-640.329120
86	0.054274	-644.958000
87	0.056895	-655.486560
88	0.059777	-658.689360
89	0.062948	-655.058640
90	0.066437	-664.080240
91	0.070094	-666.354660
92	0.073753	-667.725660
93	0.077412	-669.005700
94	0.081072	-671.535120
95	0.084731	-674.073120
96	0.088390	-675.660600
97	0.092050	-677.035080
98	0.095709	-679.243680
99	0.099368	-681.367080
100	0.103028	-689.557320
101	0.106687	-696.822120
102	0.110347	-697.554660
103	0.114006	-699.321900
104	0.117665	-701.046300
105	0.121325	-703.853940
106	0.124984	-705.374280
107	0.128643	-713.578080
108	0.132303	-709.065360
109	0.135962	-705.078300
110	0.139621	-712.463040
111	0.143281	-712.573380
112	0.146940	-713.358600
113	0.150599	-720.866220
114	0.154259	-715.605240
115	0.157918	-717.248100
116	0.161577	-719.558520
117	0.165237	-720.724680
118	0.168896	-722.129160
119	0.172556	-722.393160
120	0.176215	-723.220080
121	0.179874	-724.586760
122	0.183532	-726.059460
123	0.187021	-719.939220
124	0.190193	-724.919040
125	0.193077	-725.397300
126	0.195698	-1159.074960
127	0.000036	4231.746600
128	0.000371	3710.143200
129	0.001087	3100.902000
130	0.002046	2723.817600
131	0.003161	2380.693440
132	0.004378	2023.266540
133	0.005664	1715.284380
134	0.007003	1569.509040
135	0.008382	1451.812260
136	0.009793	1322.807520
137	0.011228	1179.596880
138	0.012684	1107.109740
139	0.014159	1049.403900
140	0.015648	949.111080
141	0.017150	863.590320
142	0.018663	812.546580
143	0.020184	754.289760
144	0.021715	661.455600
145	0.023254	581.490720
146	0.024799	527.727540
147	0.026351	469.991760
148	0.027908	381.378840
149	0.029469	286.678260
150	0.031036	229.666944
151	0.032606	168.928992
152	0.034179	62.298954
153	0.035755	-39.472296
154	0.037333	-110.777808
155	0.038913	-180.327324
156	0.198332	868.503000
157	0.200794	940.055160
158	0.203179	964.288140
159	0.205468	969.907500
160	0.207644	975.460260
161	0.209694	975.037980
162	0.211610	974.796060
163	0.213388	976.930860
164	0.215025	985.766640
165	0.216522	977.718420
166	0.217883	976.966620
167	0.219115	975.073800
168	0.220223	972.805740
169	0.221215	971.798160
170	0.222101	970.728420
171	0.222888	830.741280
172	0.223585	692.132160
173	0.224202	433.630134
174	0.224746	-122.525226
175	0.198203	-1691.319000
176	0.200679	-1866.736740
177	0.203076	-1935.711420
178	0.205375	-1930.560600
179	0.207561	-1975.673460
180	0.209621	-1985.229480
181	0.211547	-1961.251740
182	0.213333	-1987.443000
183	0.214977	-1995.942240
184	0.216482	-2005.013100
185	0.217849	-2044.890540
186	0.219087	-2048.590560
187	0.220200	-2057.312880
188	0.221197	-2060.942280
189	0.222087	-2063.785200
190	0.222878	-1871.213460
191	0.223579	-1657.314720
192	0.224198	-1296.372780
193	0.224744	-674.560800
