0	0.035117	0.000000	-0.003206	490.140240
1	0.033863	0.000000	-0.003244	479.341440
2	0.035117	-0.002000	-0.003206	486.237840
3	0.033863	-0.002000	-0.003244	474.040560
4	0.032610	0.000000	-0.003281	476.757360
5	0.032610	-0.002000	-0.003281	485.228400
6	0.031356	0.000000	-0.003319	486.237840
7	0.031356	-0.002000	-0.003319	472.420320
8	0.030103	0.000000	-0.003357	466.542720
9	0.030103	-0.002000	-0.003357	476.172000
10	0.028849	0.000000	-0.003394	476.191440
11	0.028849	-0.002000	-0.003394	462.798720
12	0.027595	0.000000	-0.003432	470.545200
13	0.027595	-0.002000	-0.003432	471.192000
14	0.026342	0.000000	-0.003470	471.450960
15	0.026342	-0.002000	-0.003470	457.247040
16	0.025088	0.000000	-0.003507	449.084880
17	0.025088	-0.002000	-0.003507	451.965600
18	0.023835	0.000000	-0.003545	450.846720
19	0.023835	-0.002000	-0.003545	450.031200
20	0.022581	0.000000	-0.003582	436.084320
21	0.022581	-0.002000	-0.003582	435.501120
22	0.021327	0.000000	-0.003620	437.197680
23	0.021327	-0.002000	-0.003620	431.404560
24	0.020074	0.000000	-0.003658	414.828240
25	0.020074	-0.002000	-0.003658	419.252160
26	0.018820	0.000000	-0.003695	418.467120
27	0.018820	-0.002000	-0.003695	406.778160
28	0.017566	-0.000000	-0.003727	421.737360
29	0.017566	-0.002000	-0.003727	433.930320
30	0.016312	-0.000000	-0.003747	444.418560
31	0.016312	-0.002000	-0.003747	431.197440
32	0.015058	-0.000000	-0.003751	497.491440
33	0.015058	-0.002000	-0.003751	496.931280
34	0.013804	-0.000000	-0.003737	508.687680
35	0.013804	-0.002000	-0.003737	508.097520
36	0.012550	-0.000000	-0.003703	539.565840
37	0.012550	-0.002000	-0.003703	540.170640
38	0.011297	-0.000000	-0.003648	550.293120
39	0.011297	-0.002000	-0.003648	550.915680
40	0.010046	-0.000000	-0.003569	608.878800
41	0.010046	-0.002000	-0.003569	609.138480
42	0.008796	-0.000000	-0.003462	620.646480
43	0.008796	-0.002000	-0.003462	601.973040
44	0.007550	-0.000000	-0.003324	647.733600
45	0.007550	-0.002000	-0.003324	667.975920
46	0.006308	-0.000000	-0.003145	690.146640
47	0.006308	-0.002000	-0.003145	667.925520
48	0.005075	-0.000000	-0.002915	892.859520
49	0.005075	-0.002000	-0.002915	891.992400
50	0.003855	-0.000000	-0.002627	914.440080
51	0.003855	-0.002000	-0.002627	943.064400
52	0.002659	-0.000000	-0.002248	1284.299040
53	0.002659	-0.002000	-0.002248	1284.826080
54	0.001515	-0.000000	-0.001735	1446.385920
55	0.001515	-0.002000	-0.001735	1446.939840
56	0.000509	-0.000000	-0.000986	3837.568800
57	0.000509	-0.002000	-0.000986	3837.679200
58	-0.000018	0.000000	0.000152	4278.595200
59	-0.000018	-0.002000	0.000152	4278.660000
60	0.037116	0.000000	-0.003146	486.922080
61	0.037116	-0.002000	-0.003146	490.613520
62	0.039315	0.000000	-0.003080	488.539680
63	0.039315	-0.002000	-0.003080	476.594160
64	0.041734	0.000000	-0.003007	486.786960
65	0.041734	-0.002000	-0.003007	487.714560
66	0.044395	0.000000	-0.002928	488.361120
67	0.044395	-0.002000	-0.002928	475.108080
68	0.047322	0.000000	-0.002840	475.682640
69	0.047322	-0.002000	-0.002840	486.241920
70	0.050541	0.000000	-0.002743	487.671840
71	0.050541	-0.002000	-0.002743	473.611920
72	0.053993	0.000000	-0.002639	476.561280
73	0.053993	-0.002000	-0.002639	485.214480
74	0.057444	0.000000	-0.002536	488.427120
75	0.057444	-0.002000	-0.002536	472.830480
76	0.060896	0.000000	-0.002432	486.081840
77	0.060896	-0.002000	-0.002432	485.509920
78	0.064347	0.000000	-0.002329	473.754240
79	0.064347	-0.002000	-0.002329	473.158800
80	0.067798	0.000000	-0.002225	481.566240
81	0.067798	-0.002000	-0.002225	484.770720
82	0.071250	0.000000	-0.002121	474.189600
83	0.071250	-0.002000	-0.002121	472.448640
84	0.074701	0.000000	-0.002018	481.118160
85	0.074701	-0.002000	-0.002018	484.993680
86	0.078153	0.000000	-0.001914	473.816640
87	0.078153	-0.002000	-0.001914	472.717920
88	0.081604	0.000000	-0.001811	487.380480
89	0.081604	-0.002000	-0.001811	483.541200
90	0.085056	0.000000	-0.001707	485.817600
91	0.085056	-0.002000	-0.001707	483.427440
92	0.088507	0.000000	-0.001603	484.468080
93	0.088507	-0.002000	-0.001603	472.216320
94	0.091959	0.000000	-0.001500	472.414560
95	0.091959	-0.002000	-0.001500	484.222560
96	0.095410	0.000000	-0.001396	484.726320
97	0.095410	-0.002000	-0.001396	472.582560
98	0.098861	0.000000	-0.001293	472.508160
99	0.098861	-0.002000	-0.001293	484.523520
100	0.102313	0.000000	-0.001189	484.153680
101	0.102313	-0.002000	-0.001189	472.317120
102	0.105764	0.000000	-0.001085	472.026720
103	0.105764	-0.002000	-0.001085	484.225200
104	0.109216	0.000000	-0.000982	482.689200
105	0.109216	-0.002000	-0.000982	471.481920
106	0.112667	0.000000	-0.000878	482.592720
107	0.112667	-0.002000	-0.000878	483.450720
108	0.116119	0.000000	-0.000775	485.237520
109	0.116119	-0.002000	-0.000775	471.893280
110	0.119570	0.000000	-0.000671	486.484080
111	0.119570	-0.002000	-0.000671	483.767520
112	0.123022	0.000000	-0.000567	484.425600
113	0.123022	-0.002000	-0.000567	471.620640
114	0.126473	0.000000	-0.000464	485.621280
115	0.126473	-0.002000	-0.000464	483.459840
116	0.129924	0.000000	-0.000360	487.478160
117	0.129924	-0.002000	-0.000360	470.973360
118	0.133376	0.000000	-0.000257	478.284960
119	0.133376	-0.002000	-0.000257	482.773200
120	0.136827	0.000000	-0.000153	486.101520
121	0.136827	-0.002000	-0.000153	471.275520
122	0.140279	0.000000	-0.000049	485.402880
123	0.140279	-0.002000	-0.000049	483.018960
124	0.143730	0.000000	0.000054	485.299200
125	0.143730	-0.002000	0.000054	483.027840
126	0.147182	0.000000	0.000158	484.120800
127	0.147182	-0.002000	0.000158	471.059520
128	0.150633	0.000000	0.000261	470.799600
129	0.150633	-0.002000	0.000261	482.144160
130	0.154084	0.000000	0.000365	482.455440
131	0.154084	-0.002000	0.000365	470.246640
132	0.157536	0.000000	0.000469	477.757680
133	0.157536	-0.002000	0.000469	482.386560
134	0.160987	0.000000	0.000572	472.013280
135	0.160987	-0.002000	0.000572	470.496000
136	0.164439	0.000000	0.000676	476.678640
137	0.164439	-0.002000	0.000676	481.530720
138	0.167890	0.000000	0.000779	471.126240
139	0.167890	-0.002000	0.000779	469.620960
140	0.171342	0.000000	0.000883	482.167920
141	0.171342	-0.002000	0.000883	482.365200
142	0.174793	0.000000	0.000987	470.281680
143	0.174793	-0.002000	0.000987	470.362080
144	0.178245	0.000000	0.001090	481.140000
145	0.178245	-0.002000	0.001090	481.196400
146	0.181696	0.000000	0.001194	469.352160
147	0.181696	-0.002000	0.001194	469.404720
148	0.185147	0.000000	0.001298	482.382720
149	0.185147	-0.002000	0.001298	481.951680
150	0.188571	0.000000	0.001400	470.944800
151	0.188571	-0.002000	0.001400	470.491200
152	0.191683	0.000000	0.001494	486.864240
153	0.191683	-0.002000	0.001494	484.464720
154	0.194512	0.000000	0.001579	489.434160
155	0.194512	-0.002000	0.001579	475.969440
156	0.197084	0.000000	0.001648	832.566000
157	0.197084	-0.002000	0.001648	825.623040
158	0.000089	0.000000	0.001731	4184.616000
159	0.000089	-0.002000	0.001731	4185.115200
160	0.000654	0.000000	0.003209	3176.356800
161	0.000654	-0.002000	0.003209	3294.484800
162	0.001520	0.000000	0.004534	2968.879200
163	0.001520	-0.002000	0.004534	2963.887200
164	0.002573	0.000000	0.005715	2481.489600
165	0.002573	-0.002000	0.005715	2481.014400
166	0.003749	0.000000	0.006773	2280.396960
167	0.003749	-0.002000	0.006773	2279.872800
168	0.005006	0.000000	0.007734	1765.500960
169	0.005006	-0.002000	0.007734	1767.295440
170	0.006322	0.000000	0.008612	1690.755600
171	0.006322	-0.002000	0.008612	1637.585520
172	0.007684	0.000000	0.009418	1450.182480
173	0.007684	-0.002000	0.009418	1499.512560
174	0.009081	0.000000	0.010161	1451.203680
175	0.009081	-0.002000	0.010161	1406.350320
176	0.010504	0.000000	0.010852	1217.070240
177	0.010504	-0.002000	0.010852	1216.605840
178	0.011952	0.000000	0.011491	1142.530560
179	0.011952	-0.002000	0.011491	1142.180880
180	0.013417	0.000000	0.012089	1072.056960
181	0.013417	-0.002000	0.012089	1071.670560
182	0.014901	0.000000	0.012637	1042.932720
183	0.014901	-0.002000	0.012637	1010.955360
184	0.016395	0.000000	0.013159	857.291040
185	0.016395	-0.002000	0.013159	885.265200
186	0.017904	0.000000	0.013633	856.424160
187	0.017904	-0.002000	0.013633	855.380880
188	0.019422	0.000000	0.014082	781.402800
189	0.019422	-0.002000	0.014082	756.978480
190	0.020947	0.000000	0.014502	728.699520
191	0.020947	-0.002000	0.014502	750.078240
192	0.022484	0.000000	0.014880	583.497600
193	0.022484	-0.002000	0.014880	583.547040
194	0.024025	0.000000	0.015236	579.448800
195	0.024025	-0.002000	0.015236	579.469440
196	0.025573	0.000000	0.015562	475.991760
197	0.025573	-0.002000	0.015562	476.000160
198	0.027129	0.000000	0.015854	463.984560
199	0.027129	-0.002000	0.015854	463.990560
200	0.028687	0.000000	0.016127	298.801920
201	0.028687	-0.002000	0.016127	298.738320
202	0.030252	0.000000	0.016362	274.612800
203	0.030252	-0.002000	0.016362	274.560000
204	0.031820	0.000000	0.016572	184.790136
205	0.031820	-0.002000	0.016572	184.704840
206	0.033391	0.000000	0.016762	153.123096
207	0.033391	-0.002000	0.016762	153.097896
208	0.034966	0.000000	0.016908	-29.992848
209	0.034966	-0.002000	0.016908	-27.032328
210	0.036544	0.000000	0.017035	-54.095232
211	0.036544	-0.002000	0.017035	-46.768776
212	0.038123	0.000000	0.017132	-170.365848
213	0.038123	-0.002000	0.017132	-171.881376
214	0.039704	0.000000	0.017192	-188.752512
215	0.039704	-0.002000	0.017192	-190.309560
216	0.040869	0.000000	0.017228	-388.405440
217	0.040869	-0.002000	0.017228	-375.333840
218	0.042152	0.000000	0.017228	-399.764640
219	0.042152	-0.002000	0.017228	-422.538720
220	0.043563	0.000000	0.017219	-524.141040
221	0.043563	-0.002000	0.017219	-500.909280
222	0.045114	0.000000	0.017166	-537.770400
223	0.045114	-0.002000	0.017166	-555.086160
224	0.046819	0.000000	0.017088	-623.285040
225	0.046819	-0.002000	0.017088	-625.083120
226	0.048694	0.000000	0.016991	-632.350080
227	0.048694	-0.002000	0.016991	-656.063760
228	0.050757	0.000000	0.016885	-638.430480
229	0.050757	-0.002000	0.016885	-638.992320
230	0.053026	0.000000	0.016769	-642.940080
231	0.053026	-0.002000	0.016769	-640.953600
232	0.055522	0.000000	0.016640	-648.787440
233	0.055522	-0.002000	0.016640	-647.150880
234	0.058267	0.000000	0.016499	-651.513600
235	0.058267	-0.002000	0.016499	-674.494320
236	0.061287	0.000000	0.016344	-654.759120
237	0.061287	-0.002000	0.016344	-653.990400
238	0.064610	0.000000	0.016173	-656.356080
239	0.064610	-0.002000	0.016173	-655.128960
240	0.068264	0.000000	0.015985	-660.035520
241	0.068264	-0.002000	0.015985	-684.800400
242	0.071923	0.000000	0.015797	-660.950640
243	0.071923	-0.002000	0.015797	-659.632080
244	0.075583	0.000000	0.015609	-663.424080
245	0.075583	-0.002000	0.015609	-686.895840
246	0.079242	0.000000	0.015421	-664.119840
247	0.079242	-0.002000	0.015421	-661.583040
248	0.082901	0.000000	0.015233	-668.396400
249	0.082901	-0.002000	0.015233	-692.041200
250	0.086561	0.000000	0.015045	-668.859360
251	0.086561	-0.002000	0.015045	-666.995520
252	0.090220	0.000000	0.014857	-671.563680
253	0.090220	-0.002000	0.014857	-695.223840
254	0.093879	0.000000	0.014669	-671.763120
255	0.093879	-0.002000	0.014669	-669.589680
256	0.097539	0.000000	0.014481	-675.642480
257	0.097539	-0.002000	0.014481	-699.979440
258	0.101198	0.000000	0.014293	-675.668160
259	0.101198	-0.002000	0.014293	-674.178240
260	0.104857	0.000000	0.014105	-706.782000
261	0.104857	-0.002000	0.014105	-701.600880
262	0.108517	0.000000	0.013917	-703.317120
263	0.108517	-0.002000	0.013917	-675.588480
264	0.112176	0.000000	0.013728	-705.703920
265	0.112176	-0.002000	0.013728	-705.609120
266	0.115835	0.000000	0.013540	-706.440480
267	0.115835	-0.002000	0.013540	-679.534080
268	0.119495	0.000000	0.013352	-708.696240
269	0.119495	-0.002000	0.013352	-709.514400
270	0.123154	0.000000	0.013164	-713.965680
271	0.123154	-0.002000	0.013164	-683.239440
272	0.126814	0.000000	0.012976	-711.974880
273	0.126814	-0.002000	0.012976	-712.317120
274	0.130473	0.000000	0.012788	-717.015120
275	0.130473	-0.002000	0.012788	-713.005200
276	0.134132	0.000000	0.012600	-714.394560
277	0.134132	-0.002000	0.012600	-691.846560
278	0.137792	0.000000	0.012412	-719.438640
279	0.137792	-0.002000	0.012412	-694.633440
280	0.141451	0.000000	0.012224	-717.421680
281	0.141451	-0.002000	0.012224	-718.358400
282	0.145110	0.000000	0.012036	-722.445120
283	0.145110	-0.002000	0.012036	-692.068320
284	0.148770	0.000000	0.011848	-719.540880
285	0.148770	-0.002000	0.011848	-719.380080
286	0.152429	0.000000	0.011660	-724.638000
287	0.152429	-0.002000	0.011660	-719.905920
288	0.156088	0.000000	0.011471	-722.886720
289	0.156088	-0.002000	0.011471	-694.990320
290	0.159748	0.000000	0.011283	-728.059440
291	0.159748	-0.002000	0.011283	-723.055920
292	0.163407	0.000000	0.011095	-728.977200
293	0.163407	-0.002000	0.011095	-698.141520
294	0.167067	0.000000	0.010907	-729.514320
295	0.167067	-0.002000	0.010907	-726.265680
296	0.170726	0.000000	0.010719	-733.547040
297	0.170726	-0.002000	0.010719	-699.189600
298	0.174385	0.000000	0.010531	-729.460560
299	0.174385	-0.002000	0.010531	-727.375440
300	0.178045	0.000000	0.010343	-735.186960
301	0.178045	-0.002000	0.010343	-700.857360
302	0.181704	0.000000	0.010155	-733.194960
303	0.181704	-0.002000	0.010155	-729.107760
304	0.185359	0.000000	0.009967	-736.184640
305	0.185359	-0.002000	0.009967	-705.750480
306	0.188683	0.000000	0.009796	-731.874720
307	0.188683	-0.002000	0.009796	-705.947040
308	0.191703	0.000000	0.009641	-730.309200
309	0.191703	-0.002000	0.009641	-731.545200
310	0.194450	0.000000	0.009500	-735.516960
311	0.194450	-0.002000	0.009500	-704.217840
312	0.196946	0.000000	0.009371	-1597.132320
313	0.196946	-0.002000	0.009371	-1599.432720
314	0.199580	0.000000	0.001501	923.853600
315	0.199580	-0.002000	0.001501	891.969360
316	0.202009	0.000000	0.001358	975.110640
317	0.202009	-0.002000	0.001358	969.287040
318	0.204350	0.000000	0.001219	971.935920
319	0.204350	-0.002000	0.001219	940.818960
320	0.206586	0.000000	0.001087	987.287520
321	0.206586	-0.002000	0.001087	979.587600
322	0.208702	0.000000	0.000962	983.649600
323	0.208702	-0.002000	0.000962	951.316320
324	0.210687	0.000000	0.000845	985.748400
325	0.210687	-0.002000	0.000845	979.437600
326	0.212534	0.000000	0.000736	982.461840
327	0.212534	-0.002000	0.000736	951.536400
328	0.214241	0.000000	0.000635	983.855040
329	0.214241	-0.002000	0.000635	989.870160
330	0.215808	0.000000	0.000543	980.613360
331	0.215808	-0.002000	0.000543	988.728000
332	0.217236	0.000000	0.000458	983.061600
333	0.217236	-0.002000	0.000458	958.470720
334	0.218531	0.000000	0.000382	979.938000
335	0.218531	-0.002000	0.000382	986.396160
336	0.219698	0.000000	0.000313	981.896160
337	0.219698	-0.002000	0.000313	952.064880
338	0.220747	0.000000	0.000251	978.969360
339	0.220747	-0.002000	0.000251	978.292560
340	0.221683	0.000000	0.000196	980.748240
341	0.221683	-0.002000	0.000196	949.182480
342	0.222518	0.000000	0.000147	976.822080
343	0.222518	-0.002000	0.000147	976.160880
344	0.223258	0.000000	0.000103	700.212000
345	0.223258	-0.002000	0.000103	669.770160
346	0.223913	0.000000	0.000064	702.352800
347	0.223913	-0.002000	0.000064	696.193680
348	0.224491	0.000000	0.000030	151.251792
349	0.224491	-0.002000	0.000030	184.722264
350	0.225000	0.000000	0.000000	-415.665120
351	0.225000	-0.002000	0.000000	-410.409840
352	0.199459	0.000000	0.008546	-1820.592480
353	0.199459	-0.002000	0.008546	-1748.118480
354	0.201900	0.000000	0.007729	-1954.208160
355	0.201900	-0.002000	0.007729	-1944.027840
356	0.204252	0.000000	0.006942	-1959.321840
357	0.204252	-0.002000	0.006942	-1885.287840
358	0.206499	0.000000	0.006191	-1937.733360
359	0.206499	-0.002000	0.006191	-1939.899360
360	0.208624	0.000000	0.005479	-2011.365120
361	0.208624	-0.002000	0.005479	-2013.696000
362	0.210619	0.000000	0.004812	-1958.755920
363	0.210619	-0.002000	0.004812	-1957.100880
364	0.212475	0.000000	0.004191	-1968.452160
365	0.212475	-0.002000	0.004191	-1960.698000
366	0.214190	0.000000	0.003617	-1978.438080
367	0.214190	-0.002000	0.003617	-2042.183760
368	0.215764	0.000000	0.003090	-1988.153760
369	0.215764	-0.002000	0.003090	-1974.993360
370	0.217199	0.000000	0.002610	-2004.312480
371	0.217199	-0.002000	0.002610	-2052.592800
372	0.218500	0.000000	0.002175	-2067.492960
373	0.218500	-0.002000	0.002175	-2055.163920
374	0.219673	0.000000	0.001782	-2071.766640
375	0.219673	-0.002000	0.001782	-1999.938720
376	0.220726	0.000000	0.001430	-2084.251920
377	0.220726	-0.002000	0.001430	-2073.294240
378	0.221668	0.000000	0.001115	-2079.100080
379	0.221668	-0.002000	0.001115	-2007.122880
380	0.222506	0.000000	0.000835	-2090.145840
381	0.222506	-0.002000	0.000835	-2078.772000
382	0.223250	0.000000	0.000586	-1698.568080
383	0.223250	-0.002000	0.000586	-1617.367920
384	0.223908	0.000000	0.000365	-1697.462400
385	0.223908	-0.002000	0.000365	-1615.860480
386	0.224489	0.000000	0.000171	-969.916320
387	0.224489	-0.002000	0.000171	-902.251920
