0	0.036117	398.321023
1	0.038216	362.349094
2	0.040525	347.097561
3	0.043064	334.561952
4	0.045858	313.109023
5	0.048931	292.347520
6	0.052267	292.531145
7	0.055718	290.992805
8	0.059170	285.138945
9	0.062621	283.032774
10	0.066073	287.102937
11	0.069524	288.480271
12	0.072976	294.003959
13	0.076427	296.798922
14	0.079878	295.632584
15	0.083330	295.352024
16	0.086781	296.332118
17	0.090233	299.563931
18	0.093684	300.520502
19	0.097136	299.657559
20	0.100587	300.142707
21	0.104039	300.738666
22	0.107490	301.607630
23	0.110941	300.267775
24	0.114393	301.460938
25	0.117844	305.569341
26	0.121296	306.544584
27	0.124747	306.471619
28	0.128199	305.611892
29	0.131650	305.726245
30	0.135102	309.039589
31	0.138553	308.959462
32	0.142004	307.467676
33	0.145456	312.389343
34	0.148907	318.044212
35	0.152359	319.315377
36	0.155810	329.520480
37	0.159262	340.356180
38	0.162713	348.867522
39	0.166164	359.230270
40	0.169616	383.504048
41	0.173067	407.348729
42	0.176519	432.047889
43	0.179970	467.149200
44	0.183422	463.631761
45	0.186859	458.672407
46	0.190127	495.803266
47	0.193097	545.298303
48	0.195798	495.520386
49	0.034490	431.755432
50	0.033237	441.530554
51	0.031983	456.026293
52	0.030729	487.971754
53	0.029476	516.977954
54	0.028222	544.529067
55	0.026969	577.236193
56	0.025715	605.150803
57	0.024461	634.160475
58	0.023208	667.206593
59	0.021954	708.004813
60	0.020700	722.622510
61	0.019447	728.380139
62	0.018193	742.862866
63	0.016939	771.011965
64	0.015685	696.422764
65	0.014431	622.121809
66	0.013177	607.895402
67	0.011924	625.915104
68	0.010672	446.586657
69	0.009421	270.815764
70	0.008173	234.626953
71	0.006929	243.930047
72	0.005692	123.614769
73	0.004465	-79.900374
74	0.003257	-313.093133
75	0.002087	-485.029330
76	0.001012	273.041293
77	0.000245	1100.279114
78	0.040287	-111.134303
79	0.041511	-134.896780
80	0.042857	-123.329687
81	0.044338	-110.191065
82	0.045966	-95.565372
83	0.047756	-91.608650
84	0.049725	-126.059722
85	0.051891	-146.831708
86	0.054274	-168.695182
87	0.056895	-196.523299
88	0.059777	-261.920361
89	0.062948	-316.430800
90	0.066437	-373.856339
91	0.070094	-430.111654
92	0.073753	-463.480911
93	0.077412	-488.818640
94	0.081072	-521.496978
95	0.084731	-559.803180
96	0.088390	-569.251209
97	0.092050	-574.184579
98	0.095709	-586.781016
99	0.099368	-603.601641
100	0.103028	-609.063672
101	0.106687	-612.333625
102	0.110346	-617.625401
103	0.114006	-622.953742
104	0.117665	-623.569743
105	0.121325	-623.998045
106	0.124984	-627.891446
107	0.128643	-628.057690
108	0.132303	-624.428173
109	0.135962	-626.342742
110	0.139621	-633.603556
111	0.143281	-640.362821
112	0.146940	-641.912828
113	0.150599	-642.707250
114	0.154259	-663.136609
115	0.157918	-677.177895
116	0.161577	-682.618831
117	0.165237	-696.149233
118	0.168896	-742.426328
119	0.172556	-787.636656
120	0.176215	-831.311942
121	0.179874	-895.169653
122	0.183532	-917.725237
123	0.187021	-937.780579
124	0.190193	-1109.795492
125	0.193077	-1283.084601
126	0.195698	-1140.277844
127	0.000036	1260.370363
128	0.000371	434.080995
129	0.001087	-205.535422
130	0.002046	-58.520848
131	0.003161	-123.009890
132	0.004378	-198.615791
133	0.005664	-245.662984
134	0.007003	-161.845669
135	0.008382	-135.292692
136	0.009793	4.692349
137	0.011228	145.461584
138	0.012684	136.225838
139	0.014159	125.537154
140	0.015648	240.937683
141	0.017150	328.869705
142	0.018663	257.178900
143	0.020184	207.992607
144	0.021715	240.785959
145	0.023254	272.246478
146	0.024799	190.101421
147	0.026351	121.881607
148	0.027908	121.108111
149	0.029469	106.641241
150	0.031036	48.435038
151	0.032606	-5.741195
152	0.034179	-26.855838
153	0.035755	-31.685634
154	0.037333	-46.652660
155	0.038913	-68.584085
156	0.198332	430.182989
157	0.200794	359.393138
158	0.203179	288.285005
159	0.205468	233.854260
160	0.207644	183.770374
161	0.209694	154.958480
162	0.211610	107.993851
163	0.213388	77.053773
164	0.215025	41.523287
165	0.216522	21.714567
166	0.217883	-18.652246
167	0.219115	-5.797498
168	0.220223	24.603152
169	0.221215	13.950043
170	0.222101	13.125436
171	0.222888	108.226319
172	0.223585	103.756305
173	0.224202	-135.562085
174	0.224746	-293.782930
175	0.198203	-1093.713535
176	0.200679	-939.251424
177	0.203076	-653.569992
178	0.205375	-478.894875
179	0.207561	-351.969095
180	0.209621	-314.862411
181	0.211547	-230.670928
182	0.213333	-146.371894
183	0.214977	-78.361998
184	0.216482	-47.437937
185	0.217849	36.148757
186	0.219087	-29.922000
187	0.220200	-110.540776
188	0.221197	-197.073105
189	0.222087	-271.777783
190	0.222878	-296.532962
191	0.223579	-253.368575
192	0.224198	-241.758110
193	0.224744	-331.159622
