0	0.035117	0.000000	-0.003206	321.742630
1	0.033863	0.000000	-0.003244	284.597342
2	0.035117	-0.002000	-0.003206	297.687678
3	0.033863	-0.002000	-0.003244	301.399351
4	0.032610	0.000000	-0.003281	313.322358
5	0.032610	-0.002000	-0.003281	303.663374
6	0.031356	0.000000	-0.003319	308.818859
7	0.031356	-0.002000	-0.003319	308.868840
8	0.030103	0.000000	-0.003357	329.338338
9	0.030103	-0.002000	-0.003357	326.298303
10	0.028849	0.000000	-0.003394	323.569248
11	0.028849	-0.002000	-0.003394	335.212737
12	0.027595	0.000000	-0.003432	316.932169
13	0.027595	-0.002000	-0.003432	330.188148
14	0.026342	0.000000	-0.003470	322.710960
15	0.026342	-0.002000	-0.003470	331.855077
16	0.025088	0.000000	-0.003507	335.447614
17	0.025088	-0.002000	-0.003507	335.577535
18	0.023835	0.000000	-0.003545	334.998469
19	0.023835	-0.002000	-0.003545	338.896970
20	0.022581	0.000000	-0.003582	343.150805
21	0.022581	-0.002000	-0.003582	333.409246
22	0.021327	0.000000	-0.003620	342.196466
23	0.021327	-0.002000	-0.003620	378.203299
24	0.020074	0.000000	-0.003658	372.039016
25	0.020074	-0.002000	-0.003658	355.974302
26	0.018820	0.000000	-0.003695	371.083152
27	0.018820	-0.002000	-0.003695	370.837602
28	0.017566	-0.000000	-0.003727	397.401724
29	0.017566	-0.002000	-0.003727	399.575136
30	0.016312	-0.000000	-0.003747	445.551239
31	0.016312	-0.002000	-0.003747	452.825306
32	0.015058	-0.000000	-0.003751	500.824773
33	0.015058	-0.002000	-0.003751	503.723772
34	0.013804	-0.000000	-0.003737	569.562729
35	0.013804	-0.002000	-0.003737	572.322322
36	0.012550	-0.000000	-0.003703	663.900674
37	0.012550	-0.002000	-0.003703	663.121102
38	0.011297	-0.000000	-0.003648	748.531914
39	0.011297	-0.002000	-0.003648	747.696596
40	0.010046	-0.000000	-0.003569	872.623048
41	0.010046	-0.002000	-0.003569	873.794284
42	0.008796	-0.000000	-0.003462	983.733359
43	0.008796	-0.002000	-0.003462	984.786337
44	0.007550	-0.000000	-0.003324	1035.385324
45	0.007550	-0.002000	-0.003324	1036.087131
46	0.006308	-0.000000	-0.003145	1198.925469
47	0.006308	-0.002000	-0.003145	1203.295482
48	0.005075	-0.000000	-0.002915	1206.485814
49	0.005075	-0.002000	-0.002915	1219.603075
50	0.003855	-0.000000	-0.002627	1447.663978
51	0.003855	-0.002000	-0.002627	1453.682726
52	0.002659	-0.000000	-0.002248	1869.640699
53	0.002659	-0.002000	-0.002248	1847.056314
54	0.001515	-0.000000	-0.001735	2316.752831
55	0.001515	-0.002000	-0.001735	2343.411096
56	0.000509	-0.000000	-0.000986	612.598567
57	0.000509	-0.002000	-0.000986	648.618803
58	-0.000018	0.000000	0.000152	1295.652827
59	-0.000018	-0.002000	0.000152	1307.003265
60	0.037116	0.000000	-0.003146	310.199165
61	0.037116	-0.002000	-0.003146	289.428149
62	0.039315	0.000000	-0.003080	306.008170
63	0.039315	-0.002000	-0.003080	305.634580
64	0.041734	0.000000	-0.003007	306.797974
65	0.041734	-0.002000	-0.003007	309.067620
66	0.044395	0.000000	-0.002928	305.364216
67	0.044395	-0.002000	-0.002928	314.613838
68	0.047322	0.000000	-0.002840	311.604417
69	0.047322	-0.002000	-0.002840	308.956668
70	0.050541	0.000000	-0.002743	310.453560
71	0.050541	-0.002000	-0.002743	309.892092
72	0.053993	0.000000	-0.002639	324.282603
73	0.053993	-0.002000	-0.002639	312.600349
74	0.057444	0.000000	-0.002536	302.683962
75	0.057444	-0.002000	-0.002536	313.523223
76	0.060896	0.000000	-0.002432	308.494837
77	0.060896	-0.002000	-0.002432	314.875717
78	0.064347	0.000000	-0.002329	308.629879
79	0.064347	-0.002000	-0.002329	315.955834
80	0.067798	0.000000	-0.002225	313.888771
81	0.067798	-0.002000	-0.002225	318.002694
82	0.071250	0.000000	-0.002121	313.521352
83	0.071250	-0.002000	-0.002121	319.283108
84	0.074701	0.000000	-0.002018	309.984820
85	0.074701	-0.002000	-0.002018	314.863027
86	0.078153	0.000000	-0.001914	310.323224
87	0.078153	-0.002000	-0.001914	315.085944
88	0.081604	0.000000	-0.001811	307.472585
89	0.081604	-0.002000	-0.001811	311.878125
90	0.085056	0.000000	-0.001707	308.831996
91	0.085056	-0.002000	-0.001707	311.623856
92	0.088507	0.000000	-0.001603	317.935607
93	0.088507	-0.002000	-0.001603	315.471146
94	0.091959	0.000000	-0.001500	322.137042
95	0.091959	-0.002000	-0.001500	314.446202
96	0.095410	0.000000	-0.001396	311.969838
97	0.095410	-0.002000	-0.001396	316.168490
98	0.098861	0.000000	-0.001293	312.995961
99	0.098861	-0.002000	-0.001293	315.769839
100	0.102313	0.000000	-0.001189	312.167118
101	0.102313	-0.002000	-0.001189	318.456954
102	0.105764	0.000000	-0.001085	313.289367
103	0.105764	-0.002000	-0.001085	317.312395
104	0.109216	0.000000	-0.000982	312.585138
105	0.109216	-0.002000	-0.000982	316.633336
106	0.112667	0.000000	-0.000878	312.330929
107	0.112667	-0.002000	-0.000878	313.910332
108	0.116119	0.000000	-0.000775	309.772150
109	0.116119	-0.002000	-0.000775	309.244248
110	0.119570	0.000000	-0.000671	307.846809
111	0.119570	-0.002000	-0.000671	308.340740
112	0.123021	0.000000	-0.000567	309.455321
113	0.123021	-0.002000	-0.000567	311.889776
114	0.126473	0.000000	-0.000464	308.376456
115	0.126473	-0.002000	-0.000464	311.012070
116	0.129924	0.000000	-0.000360	306.858588
117	0.129924	-0.002000	-0.000360	313.153460
118	0.133376	0.000000	-0.000257	324.306378
119	0.133376	-0.002000	-0.000257	312.414523
120	0.136827	0.000000	-0.000153	310.994783
121	0.136827	-0.002000	-0.000153	308.496555
122	0.140279	0.000000	-0.000049	310.967902
123	0.140279	-0.002000	-0.000049	307.734277
124	0.143730	0.000000	0.000054	314.131869
125	0.143730	-0.002000	0.000054	311.915498
126	0.147182	0.000000	0.000158	315.905727
127	0.147182	-0.002000	0.000158	313.572417
128	0.150633	0.000000	0.000261	314.359104
129	0.150633	-0.002000	0.000261	312.191763
130	0.154084	0.000000	0.000365	313.895089
131	0.154084	-0.002000	0.000365	313.697354
132	0.157536	0.000000	0.000469	311.534034
133	0.157536	-0.002000	0.000469	310.313614
134	0.160987	0.000000	0.000572	309.723300
135	0.160987	-0.002000	0.000572	311.685479
136	0.164439	0.000000	0.000676	312.349928
137	0.164439	-0.002000	0.000676	311.608745
138	0.167890	0.000000	0.000779	313.720779
139	0.167890	-0.002000	0.000779	311.479406
140	0.171342	0.000000	0.000883	314.807285
141	0.171342	-0.002000	0.000883	317.372732
142	0.174793	0.000000	0.000987	316.232740
143	0.174793	-0.002000	0.000987	315.999579
144	0.178245	0.000000	0.001090	322.251782
145	0.178245	-0.002000	0.001090	319.388473
146	0.181696	0.000000	0.001194	324.024465
147	0.181696	-0.002000	0.001194	320.697936
148	0.185147	0.000000	0.001298	366.751930
149	0.185147	-0.002000	0.001298	366.104661
150	0.188571	0.000000	0.001400	370.114884
151	0.188571	-0.002000	0.001400	367.418195
152	0.191683	0.000000	0.001494	402.536419
153	0.191683	-0.002000	0.001494	400.977785
154	0.194512	0.000000	0.001579	418.269516
155	0.194512	-0.002000	0.001579	417.648955
156	0.197084	0.000000	0.001648	467.348337
157	0.197084	-0.002000	0.001648	458.283621
158	0.000089	0.000000	0.001731	1201.784417
159	0.000089	-0.002000	0.001731	1265.358199
160	0.000654	0.000000	0.003209	2343.510577
161	0.000654	-0.002000	0.003209	2367.403727
162	0.001520	0.000000	0.004534	1951.360045
163	0.001520	-0.002000	0.004534	2040.838318
164	0.002573	0.000000	0.005715	1982.096067
165	0.002573	-0.002000	0.005715	2000.732488
166	0.003749	0.000000	0.006773	1661.445574
167	0.003749	-0.002000	0.006773	1697.962313
168	0.005006	0.000000	0.007734	1949.430358
169	0.005006	-0.002000	0.007734	1969.546146
170	0.006322	0.000000	0.008612	1745.265168
171	0.006322	-0.002000	0.008612	1765.850686
172	0.007684	0.000000	0.009418	1574.495984
173	0.007684	-0.002000	0.009418	1594.478008
174	0.009081	0.000000	0.010161	1400.098667
175	0.009081	-0.002000	0.010161	1425.652708
176	0.010504	0.000000	0.010852	1390.427738
177	0.010504	-0.002000	0.010852	1367.936279
178	0.011952	0.000000	0.011491	1228.880640
179	0.011952	-0.002000	0.011491	1238.218785
180	0.013417	0.000000	0.012089	1089.735745
181	0.013417	-0.002000	0.012089	1094.553426
182	0.014901	0.000000	0.012637	975.143550
183	0.014901	-0.002000	0.012637	986.917255
184	0.016395	0.000000	0.013159	886.988246
185	0.016395	-0.002000	0.013159	887.547429
186	0.017904	0.000000	0.013633	783.803058
187	0.017904	-0.002000	0.013633	784.253080
188	0.019422	0.000000	0.014082	683.165229
189	0.019422	-0.002000	0.014082	688.115467
190	0.020947	0.000000	0.014502	584.087174
191	0.020947	-0.002000	0.014502	583.514948
192	0.022484	0.000000	0.014880	519.185393
193	0.022484	-0.002000	0.014880	524.274976
194	0.024025	0.000000	0.015236	444.546831
195	0.024025	-0.002000	0.015236	448.396425
196	0.025573	0.000000	0.015562	343.221204
197	0.025573	-0.002000	0.015562	346.399845
198	0.027129	0.000000	0.015854	266.989320
199	0.027129	-0.002000	0.015854	269.281676
200	0.028687	0.000000	0.016127	231.456089
201	0.028687	-0.002000	0.016127	225.571594
202	0.030252	0.000000	0.016362	147.769696
203	0.030252	-0.002000	0.016362	136.480712
204	0.031820	0.000000	0.016572	60.070934
205	0.031820	-0.002000	0.016572	56.707618
206	0.033391	0.000000	0.016762	-28.133889
207	0.033391	-0.002000	0.016762	-31.960675
208	0.034966	0.000000	0.016908	-62.966459
209	0.034966	-0.002000	0.016908	-62.678764
210	0.036544	0.000000	0.017035	-130.164853
211	0.036544	-0.002000	0.017035	-134.159908
212	0.038123	0.000000	0.017132	-235.650912
213	0.038123	-0.002000	0.017132	-240.859848
214	0.039704	0.000000	0.017192	-293.615442
215	0.039704	-0.002000	0.017192	-303.641847
216	0.040869	0.000000	0.017228	-281.701654
217	0.040869	-0.002000	0.017228	-280.839911
218	0.042152	0.000000	0.017228	-365.814488
219	0.042152	-0.002000	0.017228	-355.812887
220	0.043563	0.000000	0.017219	-437.160366
221	0.043563	-0.002000	0.017219	-427.685735
222	0.045114	0.000000	0.017166	-515.305951
223	0.045114	-0.002000	0.017166	-506.661288
224	0.046819	0.000000	0.017088	-541.670882
225	0.046819	-0.002000	0.017088	-526.332627
226	0.048694	0.000000	0.016991	-548.402317
227	0.048694	-0.002000	0.016991	-541.569753
228	0.050757	0.000000	0.016885	-570.050325
229	0.050757	-0.002000	0.016885	-567.691868
230	0.053026	0.000000	0.016769	-559.807967
231	0.053026	-0.002000	0.016769	-570.635440
232	0.055522	0.000000	0.016640	-600.051317
233	0.055522	-0.002000	0.016640	-601.824342
234	0.058267	0.000000	0.016499	-600.058422
235	0.058267	-0.002000	0.016499	-603.950618
236	0.061287	0.000000	0.016344	-614.697430
237	0.061287	-0.002000	0.016344	-615.669310
238	0.064610	0.000000	0.016173	-613.993758
239	0.064610	-0.002000	0.016173	-617.941605
240	0.068264	0.000000	0.015985	-626.611789
241	0.068264	-0.002000	0.015985	-622.904692
242	0.071923	0.000000	0.015797	-626.492055
243	0.071923	-0.002000	0.015797	-623.750459
244	0.075583	0.000000	0.015609	-629.466652
245	0.075583	-0.002000	0.015609	-625.949744
246	0.079242	0.000000	0.015421	-627.181914
247	0.079242	-0.002000	0.015421	-627.027807
248	0.082901	0.000000	0.015233	-627.058001
249	0.082901	-0.002000	0.015233	-628.067364
250	0.086561	0.000000	0.015045	-627.484502
251	0.086561	-0.002000	0.015045	-626.630064
252	0.090220	0.000000	0.014857	-629.013700
253	0.090220	-0.002000	0.014857	-621.826256
254	0.093879	0.000000	0.014669	-628.282957
255	0.093879	-0.002000	0.014669	-623.982638
256	0.097539	0.000000	0.014481	-629.225184
257	0.097539	-0.002000	0.014481	-626.737648
258	0.101198	0.000000	0.014293	-630.419497
259	0.101198	-0.002000	0.014293	-627.979452
260	0.104857	0.000000	0.014105	-631.968985
261	0.104857	-0.002000	0.014105	-627.876539
262	0.108517	0.000000	0.013917	-635.077876
263	0.108517	-0.002000	0.013917	-628.189340
264	0.112176	0.000000	0.013728	-634.035144
265	0.112176	-0.002000	0.013728	-629.325620
266	0.115836	0.000000	0.013540	-635.891783
267	0.115836	-0.002000	0.013540	-629.595759
268	0.119495	0.000000	0.013352	-652.171996
269	0.119495	-0.002000	0.013352	-630.780984
270	0.123154	0.000000	0.013164	-650.141408
271	0.123154	-0.002000	0.013164	-629.929530
272	0.126814	0.000000	0.012976	-637.868319
273	0.126814	-0.002000	0.012976	-626.515310
274	0.130473	0.000000	0.012788	-632.843810
275	0.130473	-0.002000	0.012788	-628.669473
276	0.134132	0.000000	0.012600	-633.205236
277	0.134132	-0.002000	0.012600	-611.515568
278	0.137792	0.000000	0.012412	-630.258368
279	0.137792	-0.002000	0.012412	-644.987209
280	0.141451	0.000000	0.012224	-636.878931
281	0.141451	-0.002000	0.012224	-645.827756
282	0.145110	0.000000	0.012036	-633.691470
283	0.145110	-0.002000	0.012036	-645.683376
284	0.148770	0.000000	0.011848	-636.590324
285	0.148770	-0.002000	0.011848	-631.100279
286	0.152429	0.000000	0.011660	-633.107237
287	0.152429	-0.002000	0.011660	-633.072547
288	0.156088	0.000000	0.011471	-635.252856
289	0.156088	-0.002000	0.011471	-630.312880
290	0.159748	0.000000	0.011283	-631.626460
291	0.159748	-0.002000	0.011283	-628.422229
292	0.163407	0.000000	0.011095	-635.215347
293	0.163407	-0.002000	0.011095	-633.424346
294	0.167066	0.000000	0.010907	-636.641988
295	0.167066	-0.002000	0.010907	-632.819962
296	0.170726	0.000000	0.010719	-642.292144
297	0.170726	-0.002000	0.010719	-639.905746
298	0.174385	0.000000	0.010531	-645.700820
299	0.174385	-0.002000	0.010531	-638.871324
300	0.178045	0.000000	0.010343	-636.026233
301	0.178045	-0.002000	0.010343	-649.951879
302	0.181704	0.000000	0.010155	-674.081513
303	0.181704	-0.002000	0.010155	-650.726509
304	0.185359	0.000000	0.009967	-715.894904
305	0.185359	-0.002000	0.009967	-727.588704
306	0.188682	0.000000	0.009796	-721.245908
307	0.188682	-0.002000	0.009796	-730.750497
308	0.191703	0.000000	0.009641	-733.230784
309	0.191703	-0.002000	0.009641	-740.351566
310	0.194450	0.000000	0.009500	-719.061685
311	0.194450	-0.002000	0.009500	-724.486977
312	0.196947	0.000000	0.009371	-922.133670
313	0.196947	-0.002000	0.009371	-906.452869
314	0.199580	0.000000	0.001501	643.653720
315	0.199580	-0.002000	0.001501	630.607579
316	0.202009	0.000000	0.001358	639.003486
317	0.202009	-0.002000	0.001358	607.501222
318	0.204350	0.000000	0.001219	647.339970
319	0.204350	-0.002000	0.001219	614.982432
320	0.206586	0.000000	0.001087	624.728420
321	0.206586	-0.002000	0.001087	614.998259
322	0.208702	0.000000	0.000962	630.116818
323	0.208702	-0.002000	0.000962	620.159298
324	0.210687	0.000000	0.000845	637.945017
325	0.210687	-0.002000	0.000845	630.133969
326	0.212534	0.000000	0.000736	647.923641
327	0.212534	-0.002000	0.000736	639.346107
328	0.214241	0.000000	0.000635	630.155843
329	0.214241	-0.002000	0.000635	652.386461
330	0.215808	0.000000	0.000543	633.203581
331	0.215808	-0.002000	0.000543	613.371220
332	0.217236	0.000000	0.000458	588.838349
333	0.217236	-0.002000	0.000458	592.959918
334	0.218531	0.000000	0.000382	588.556838
335	0.218531	-0.002000	0.000382	576.403234
336	0.219698	0.000000	0.000313	481.672981
337	0.219698	-0.002000	0.000313	469.245707
338	0.220747	0.000000	0.000251	482.171927
339	0.220747	-0.002000	0.000251	477.218902
340	0.221683	0.000000	0.000196	392.316085
341	0.221683	-0.002000	0.000196	399.669448
342	0.222518	0.000000	0.000147	371.024703
343	0.222518	-0.002000	0.000147	372.012828
344	0.223258	0.000000	0.000103	282.416795
345	0.223258	-0.002000	0.000103	256.273783
346	0.223913	0.000000	0.000064	261.802426
347	0.223913	-0.002000	0.000064	221.223424
348	0.224491	0.000000	0.000030	812.804140
349	0.224491	-0.002000	0.000030	778.043251
350	0.225000	0.000000	0.000000	-270.895737
351	0.225000	-0.002000	0.000000	-255.707482
352	0.199459	0.000000	0.008546	-1418.108618
353	0.199459	-0.002000	0.008546	-1428.250806
354	0.201900	0.000000	0.007729	-1483.739892
355	0.201900	-0.002000	0.007729	-1473.435735
356	0.204252	0.000000	0.006942	-1481.375816
357	0.204252	-0.002000	0.006942	-1480.326616
358	0.206499	0.000000	0.006191	-1504.140100
359	0.206499	-0.002000	0.006191	-1519.681793
360	0.208624	0.000000	0.005479	-1507.747814
361	0.208624	-0.002000	0.005479	-1524.754382
362	0.210619	0.000000	0.004812	-1560.974890
363	0.210619	-0.002000	0.004812	-1560.738206
364	0.212475	0.000000	0.004191	-1563.106558
365	0.212475	-0.002000	0.004191	-1563.930377
366	0.214190	0.000000	0.003617	-1554.740104
367	0.214190	-0.002000	0.003617	-1550.380109
368	0.215764	0.000000	0.003090	-1556.740135
369	0.215764	-0.002000	0.003090	-1549.495250
370	0.217199	0.000000	0.002610	-1464.249897
371	0.217199	-0.002000	0.002610	-1478.674974
372	0.218500	0.000000	0.002175	-1461.871166
373	0.218500	-0.002000	0.002175	-1462.337314
374	0.219673	0.000000	0.001782	-1290.205962
375	0.219673	-0.002000	0.001782	-1266.630471
376	0.220726	0.000000	0.001430	-1256.034938
377	0.220726	-0.002000	0.001430	-1266.517290
378	0.221668	0.000000	0.001115	-1088.587188
379	0.221668	-0.002000	0.001115	-1166.138045
380	0.222506	0.000000	0.000835	-1031.662854
381	0.222506	-0.002000	0.000835	-1124.268063
382	0.223250	0.000000	0.000586	-1223.789562
383	0.223250	-0.002000	0.000586	-1262.113902
384	0.223908	0.000000	0.000365	-1241.778859
385	0.223908	-0.002000	0.000365	-1230.317064
386	0.224489	0.000000	0.000171	-1597.453820
387	0.224489	-0.002000	0.000171	-1512.094359
