0	0.036117	524.388427
1	0.038216	592.145080
2	0.040525	566.923525
3	0.043064	547.654296
4	0.045858	564.244010
5	0.048932	581.045888
6	0.052267	539.472348
7	0.055718	501.601456
8	0.059170	471.263835
9	0.062621	440.215506
10	0.066073	416.006614
11	0.069524	393.463807
12	0.072976	362.027963
13	0.076427	333.210398
14	0.079879	329.935953
15	0.083330	326.480819
16	0.086781	312.997204
17	0.090233	298.914935
18	0.093684	298.342990
19	0.097136	296.916392
20	0.100587	296.035409
21	0.104039	295.954552
22	0.107490	298.273643
23	0.110942	300.796599
24	0.114393	304.518782
25	0.117844	309.502041
26	0.121296	313.469129
27	0.124747	315.038114
28	0.128199	322.928319
29	0.131650	333.305694
30	0.135102	342.106888
31	0.138553	350.009722
32	0.142005	362.303247
33	0.145456	376.097026
34	0.148907	387.821891
35	0.152359	400.852944
36	0.155810	401.960545
37	0.159262	402.138478
38	0.162713	414.272723
39	0.166165	432.344857
40	0.169616	392.177147
41	0.173068	348.233198
42	0.176519	321.793833
43	0.179970	305.532566
44	0.183422	272.446394
45	0.186859	216.571952
46	0.190127	127.356668
47	0.193097	50.819080
48	0.195798	94.075423
49	0.034490	444.984576
50	0.033237	433.348760
51	0.031983	432.366201
52	0.030729	373.306194
53	0.029476	312.240657
54	0.028222	275.517799
55	0.026969	232.758276
56	0.025715	179.753589
57	0.024461	124.834327
58	0.023208	62.772522
59	0.021954	4.096316
60	0.020700	-18.490347
61	0.019447	-51.324884
62	0.018193	-117.757965
63	0.016939	-178.196659
64	0.015685	-119.034133
65	0.014431	-63.144613
66	0.013177	-84.008079
67	0.011924	-131.733649
68	0.010672	-12.819697
69	0.009421	116.771277
70	0.008173	154.873700
71	0.006929	141.525134
72	0.005692	211.238533
73	0.004465	357.490408
74	0.003257	284.309129
75	0.002087	342.458956
76	0.001012	161.385829
77	0.000245	-226.062764
78	0.040287	-156.018189
79	0.041511	-138.723790
80	0.042857	-131.895933
81	0.044338	-100.548010
82	0.045966	-68.416011
83	0.047756	-46.601975
84	0.049725	-33.693887
85	0.051891	-22.682506
86	0.054273	-3.570696
87	0.056894	10.263822
88	0.059777	2.562593
89	0.062948	-3.020531
90	0.066436	13.144868
91	0.070093	20.109354
92	0.073753	-48.281303
93	0.077412	-93.597056
94	0.081071	-120.846670
95	0.084731	-162.718056
96	0.088390	-220.088400
97	0.092049	-264.978879
98	0.095709	-315.363413
99	0.099368	-367.212383
100	0.103027	-399.182514
101	0.106687	-429.023647
102	0.110346	-471.714909
103	0.114006	-514.283032
104	0.117665	-530.958093
105	0.121324	-546.480751
106	0.124984	-582.012911
107	0.128643	-614.957498
108	0.132302	-630.240649
109	0.135962	-649.289923
110	0.139621	-680.599315
111	0.143281	-711.305082
112	0.146940	-735.787128
113	0.150599	-764.445365
114	0.154259	-792.282434
115	0.157918	-813.669706
116	0.161577	-848.992482
117	0.165237	-899.426769
118	0.168896	-864.195411
119	0.172555	-823.954749
120	0.176215	-812.286769
121	0.179874	-830.252984
122	0.183532	-750.896374
123	0.187021	-604.783474
124	0.190193	-384.297935
125	0.193077	-228.612024
126	0.195698	-334.705936
127	0.000036	-350.774318
128	0.000371	115.202668
129	0.001087	430.744142
130	0.002046	215.317761
131	0.003161	183.375862
132	0.004378	109.491862
133	0.005664	39.650497
134	0.007003	-49.814085
135	0.008382	-118.945314
136	0.009793	-363.805527
137	0.011228	-592.577926
138	0.012684	-582.938331
139	0.014159	-601.040295
140	0.015648	-750.671700
141	0.017150	-901.538499
142	0.018663	-820.759172
143	0.020184	-741.998050
144	0.021715	-786.357359
145	0.023254	-839.000228
146	0.024799	-736.038287
147	0.026351	-619.488665
148	0.027908	-588.090415
149	0.029470	-584.415538
150	0.031036	-499.038070
151	0.032606	-383.470657
152	0.034179	-344.509331
153	0.035755	-325.071521
154	0.037333	-286.919121
155	0.038913	-210.983871
156	0.198332	125.581761
157	0.200794	82.153968
158	0.203179	42.674197
159	0.205468	77.675784
160	0.207644	102.598090
161	0.209694	72.738068
162	0.211610	27.709815
163	0.213388	6.210681
164	0.215025	0.023583
165	0.216522	-20.505349
166	0.217883	-31.537946
167	0.219115	-77.953344
168	0.220223	-142.242310
169	0.221215	-181.317304
170	0.222101	-246.137460
171	0.222888	-280.597996
172	0.223585	-320.015086
173	0.224202	-486.603810
174	0.224746	-315.053698
175	0.198203	-335.336468
176	0.200679	-141.493972
177	0.203076	5.052831
178	0.205375	-137.980965
179	0.207561	-267.076397
180	0.209621	-185.850806
181	0.211547	-105.393631
182	0.213333	-128.001870
183	0.214977	-176.685828
184	0.216482	-216.935869
185	0.217849	-270.205218
186	0.219087	-194.086733
187	0.220200	-89.549965
188	0.221197	13.274785
189	0.222087	86.585933
190	0.222878	112.939907
191	0.223579	256.353496
192	0.224198	556.628177
193	0.224744	359.098749
