0	-0.000021	75.556558
1	-0.000097	132.506815
2	0.000117	198.531151
3	0.000831	248.966836
4	0.002015	242.918478
5	0.003417	211.966454
6	0.004921	187.329024
7	0.006472	170.375425
8	0.008050	153.893753
9	0.009648	138.208912
10	0.011261	127.349693
11	0.012883	116.257983
12	0.014514	107.884267
13	0.016147	102.461000
14	0.017781	92.482107
15	0.019418	82.419223
16	0.021058	74.929498
17	0.022701	67.781314
18	0.024345	60.439278
19	0.025987	52.883792
20	0.027626	47.298659
21	0.029265	42.649966
22	0.030904	35.765849
23	0.032544	32.994415
24	0.034183	22.488904
25	0.035814	9.643123
26	0.037436	24.091214
27	0.039057	39.106765
28	0.040679	42.562173
29	0.042327	47.783893
30	0.044171	51.422355
31	0.046378	55.717952
32	0.048854	62.860584
33	0.051401	68.732109
34	0.053950	75.401050
35	0.056500	82.467138
36	0.059052	83.124420
37	0.061606	82.853023
38	0.064161	87.170106
39	0.066718	91.740204
40	0.069276	91.158214
41	0.071835	89.625209
42	0.074396	92.816486
43	0.076959	96.692783
44	0.079523	95.578248
45	0.082089	93.399234
46	0.084657	96.354168
47	0.087225	100.274015
48	0.089794	98.461461
49	0.092365	95.673068
50	0.094937	98.356870
51	0.097511	102.003907
52	0.100085	100.338824
53	0.102660	97.717107
54	0.105237	100.529251
55	0.107814	104.400926
56	0.110392	102.637355
57	0.112971	100.104037
58	0.115551	102.667328
59	0.118132	105.995723
60	0.120714	104.869141
61	0.123296	103.060162
62	0.125881	105.585880
63	0.128465	108.802835
64	0.131049	107.774782
65	0.133636	106.194179
66	0.136224	108.246813
67	0.138812	110.735413
68	0.141401	110.181580
69	0.143991	109.104708
70	0.146584	110.918654
71	0.149176	113.197674
72	0.151768	112.639742
73	0.154363	111.636365
74	0.156959	112.977660
75	0.159556	114.646331
76	0.162152	114.400767
77	0.164751	113.724809
78	0.167352	114.852361
79	0.169952	116.345255
80	0.172553	116.031710
81	0.175155	115.408262
82	0.177759	116.183992
83	0.180363	117.147522
84	0.182967	117.063997
85	0.185573	116.749054
86	0.188181	117.389094
87	0.190788	118.206208
88	0.193395	118.069963
89	0.196004	117.835152
90	0.198614	118.200903
91	0.201224	118.554207
92	0.203834	118.603311
93	0.206446	118.624251
94	0.209058	118.880740
95	0.211671	119.104792
96	0.214283	119.108000
97	0.216897	119.146849
98	0.219511	119.168082
99	0.222124	119.049292
100	0.224737	119.136171
101	0.227351	119.208113
102	0.229965	119.047892
103	0.499994	0.384233
104	0.499986	0.454930
105	0.499978	0.474000
106	0.499971	0.482357
107	0.499963	0.485294
108	0.499955	0.480309
109	0.499948	0.453527
110	0.499940	0.425667
111	0.499932	0.386915
112	0.499925	0.341379
113	0.499917	0.290323
114	0.499909	0.214212
115	0.499902	0.152402
116	0.499894	0.046663
117	0.499886	0.001190
118	0.499879	-0.172537
119	0.499871	-0.164044
120	0.499863	-0.342817
121	0.499856	-0.126646
122	0.499848	-0.346709
123	0.499840	0.293970
124	0.499833	0.065712
125	0.499825	1.688524
126	0.499818	0.296533
127	0.499810	4.537493
128	0.499802	-2.414458
129	0.499795	21.530552
130	0.499787	-18.311767
131	0.499779	-110.808242
132	0.232581	118.716272
133	0.235462	118.975672
134	0.238919	118.542037
135	0.243049	117.360697
136	0.247535	118.296513
137	0.252021	118.473142
138	0.256509	117.015333
139	0.260999	117.969126
140	0.265485	117.742423
141	0.269974	115.581657
142	0.274463	116.849803
143	0.278948	116.801430
144	0.283435	114.182043
145	0.287923	115.550285
146	0.292404	115.157886
147	0.296888	111.774777
148	0.301374	113.484261
149	0.305852	113.383978
150	0.310332	109.755151
151	0.314814	111.514670
152	0.319286	110.858310
153	0.323762	106.358812
154	0.328240	108.427691
155	0.332707	108.200496
156	0.337177	103.463055
157	0.341649	105.339005
158	0.346109	104.368454
159	0.350572	98.777850
160	0.355039	100.982834
161	0.359493	100.379272
162	0.363949	94.422137
163	0.368408	96.359761
164	0.372853	94.871154
165	0.377302	87.859754
166	0.381754	90.119935
167	0.386193	88.875739
168	0.390634	81.310833
169	0.395077	83.487734
170	0.399507	80.954066
171	0.403940	71.506624
172	0.408377	74.334499
173	0.412801	72.248619
174	0.417227	61.557299
175	0.421655	64.212337
176	0.426071	59.909135
177	0.430491	45.752363
178	0.434915	49.484803
179	0.439327	45.313170
180	0.443741	27.549849
181	0.448157	30.413846
182	0.452564	19.287505
183	0.456978	-10.008028
184	0.461398	1.412614
185	0.465813	-10.923520
186	0.470230	-46.144811
187	0.474652	-21.169680
188	0.478850	-2.648408
189	0.482483	-9.598032
190	0.485503	-6.411024
191	0.488023	-4.590673
192	0.490126	-4.317699
193	0.491880	-3.969801
194	0.493343	-3.694200
195	0.494563	-3.632105
196	0.495580	-3.413061
197	0.496428	-3.567253
198	0.497135	-3.321691
199	0.497725	-4.054424
200	0.498216	-3.132688
201	0.498625	-5.417451
202	0.498967	0.551662
203	0.499251	-11.815662
204	0.499488	28.078950
205	0.499686	-16.391075
206	0.042051	-347.665632
207	0.040259	-350.495895
208	0.038472	-352.678976
209	0.036693	-353.471233
210	0.034921	-353.459489
211	0.033160	-355.597673
212	0.031411	-357.410992
213	0.029671	-358.078202
214	0.027942	-358.110158
215	0.026224	-357.673763
216	0.024521	-357.795023
217	0.022835	-357.456378
218	0.021165	-356.342774
219	0.019511	-354.453911
220	0.017876	-351.995494
221	0.016268	-349.280520
222	0.014688	-345.441950
223	0.013137	-340.031743
224	0.011617	-333.000856
225	0.010133	-324.088311
226	0.008698	-312.883680
227	0.007319	-297.658106
228	0.006000	-278.247462
229	0.004752	-252.611252
230	0.003591	-220.562204
231	0.002538	-178.411887
232	0.001616	-128.190081
233	0.000857	-62.294777
234	0.000297	11.763339
235	0.044154	-343.137369
236	0.046569	-341.155452
237	0.048993	-339.503831
238	0.051425	-332.302637
239	0.053867	-325.121343
240	0.056319	-323.132814
241	0.058777	-320.122695
242	0.061241	-310.749338
243	0.063713	-300.999873
244	0.066192	-295.899662
245	0.068675	-289.462889
246	0.071161	-276.165375
247	0.073654	-262.045632
248	0.076153	-252.407809
249	0.078654	-241.187128
250	0.081156	-223.250059
251	0.083663	-204.910997
252	0.086172	-189.950199
253	0.088681	-176.930109
254	0.091190	-152.634190
255	0.093696	-128.971161
256	0.096199	-127.845660
257	0.098699	-130.891199
258	0.101195	-113.210138
259	0.103682	-94.006174
260	0.106160	-107.390604
261	0.108634	-123.099314
262	0.111107	-123.362824
263	0.113581	-126.654186
264	0.116058	-140.197825
265	0.118535	-154.823968
266	0.121011	-163.917850
267	0.123493	-172.956033
268	0.125978	-180.814430
269	0.128465	-188.211054
270	0.130951	-192.398465
271	0.133443	-195.698546
272	0.135939	-203.127629
273	0.138435	-210.264386
274	0.140932	-213.673399
275	0.143433	-216.810781
276	0.145939	-222.094125
277	0.148445	-227.191995
278	0.150952	-229.355136
279	0.153463	-231.388032
280	0.155979	-236.495466
281	0.158495	-241.353463
282	0.161012	-244.077365
283	0.163533	-246.810146
284	0.166058	-250.256903
285	0.168584	-253.514322
286	0.171110	-255.798898
287	0.173640	-258.114863
288	0.176174	-261.295063
289	0.178709	-264.210390
290	0.181244	-267.202942
291	0.183783	-270.262221
292	0.186326	-271.944866
293	0.188869	-273.447143
294	0.191412	-276.261379
295	0.193958	-279.091565
296	0.196509	-280.361790
297	0.199059	-281.473058
298	0.201610	-284.907923
299	0.204163	-288.389753
300	0.206720	-288.733168
301	0.209276	-288.771913
302	0.211833	-292.763569
303	0.214391	-296.608806
304	0.216950	-294.854522
305	0.219508	-292.264259
306	0.222067	-296.026885
307	0.224623	-299.400215
308	0.227178	-291.830242
309	0.500233	-7.372150
310	0.500225	-1.592723
311	0.500216	1.172819
312	0.500208	-0.746929
313	0.500200	-0.189873
314	0.500191	-0.570977
315	0.500183	-0.514614
316	0.500174	-0.680666
317	0.500166	-0.720147
318	0.500158	-0.792027
319	0.500149	-0.805128
320	0.500141	-0.821615
321	0.500133	-0.752789
322	0.500125	-0.750340
323	0.500116	-0.672874
324	0.500108	-0.645472
325	0.500100	-0.535325
326	0.500092	-0.476168
327	0.500083	-0.379174
328	0.500075	-0.313743
329	0.500067	-0.214867
330	0.500059	-0.124680
331	0.500051	-0.036219
332	0.500042	0.055305
333	0.500034	0.114219
334	0.500026	0.215244
335	0.500018	0.267784
336	0.500010	0.358310
337	0.500002	0.420331
338	0.229727	-284.898761
339	0.232525	-283.199632
340	0.235887	-281.051665
341	0.239928	-277.863511
342	0.244457	-279.996837
343	0.249106	-283.626870
344	0.253758	-283.742135
345	0.258408	-283.800644
346	0.263057	-282.386009
347	0.267703	-280.498909
348	0.272347	-277.422808
349	0.276988	-273.799480
350	0.281625	-270.429413
351	0.286258	-266.615626
352	0.290885	-261.395612
353	0.295507	-255.738698
354	0.300124	-250.464631
355	0.304734	-244.833084
356	0.309337	-237.944796
357	0.313934	-230.741338
358	0.318523	-224.016590
359	0.323105	-217.054067
360	0.327679	-209.013204
361	0.332245	-200.793412
362	0.336805	-193.164399
363	0.341355	-185.449527
364	0.345898	-176.894578
365	0.350433	-168.284927
366	0.354961	-160.395239
367	0.359481	-152.563310
368	0.363994	-144.163229
369	0.368500	-135.827051
370	0.372999	-128.228194
371	0.377491	-120.791224
372	0.381977	-113.011435
373	0.386458	-105.392260
374	0.390933	-98.567294
375	0.395402	-91.989679
376	0.399866	-85.190789
377	0.404326	-78.594937
378	0.408782	-72.764881
379	0.413234	-67.230965
380	0.417681	-61.519870
381	0.422126	-55.996032
382	0.426569	-51.230076
383	0.431008	-46.755102
384	0.435444	-42.101874
385	0.439879	-37.572923
386	0.444313	-33.898683
387	0.448744	-30.454891
388	0.453173	-26.665407
389	0.457602	-22.761204
390	0.462032	-20.266584
391	0.466457	-18.514036
392	0.470876	-15.337010
393	0.475304	-13.019646
394	0.479467	-10.091013
395	0.483036	-7.675670
396	0.486030	-6.402716
397	0.488543	-5.420104
398	0.490639	-4.778345
399	0.492386	-3.920056
400	0.493842	-3.273557
401	0.495056	-2.737332
402	0.496068	-2.251033
403	0.496911	-1.922360
404	0.497614	-1.494788
405	0.498200	-1.314830
406	0.498688	-0.884497
407	0.499095	-1.011478
408	0.499434	-0.324314
409	0.499716	-1.643803
410	0.499952	2.152528
411	0.500148	0.945862
