0	0.035117	0.000000	-0.003206	38.985360
1	0.033863	0.000000	-0.003244	41.538936
2	0.035117	-0.002000	-0.003206	39.968952
3	0.033863	-0.002000	-0.003244	41.015976
4	0.032610	0.000000	-0.003281	42.011808
5	0.032610	-0.002000	-0.003281	42.939768
6	0.031356	0.000000	-0.003319	43.196040
7	0.031356	-0.002000	-0.003319	44.389512
8	0.030103	0.000000	-0.003357	42.825144
9	0.030103	-0.002000	-0.003357	42.998904
10	0.028849	0.000000	-0.003394	43.079352
11	0.028849	-0.002000	-0.003394	43.012392
12	0.027595	0.000000	-0.003432	43.118424
13	0.027595	-0.002000	-0.003432	42.736848
14	0.026342	0.000000	-0.003470	40.874136
15	0.026342	-0.002000	-0.003470	41.344680
16	0.025088	0.000000	-0.003507	39.877224
17	0.025088	-0.002000	-0.003507	40.122360
18	0.023835	0.000000	-0.003545	38.294184
19	0.023835	-0.002000	-0.003545	38.116992
20	0.022581	0.000000	-0.003582	37.202976
21	0.022581	-0.002000	-0.003582	37.599624
22	0.021327	0.000000	-0.003620	34.174872
23	0.021327	-0.002000	-0.003620	34.706784
24	0.020074	0.000000	-0.003658	31.009944
25	0.020074	-0.002000	-0.003658	31.375848
26	0.018820	0.000000	-0.003695	27.376416
27	0.018820	-0.002000	-0.003695	27.254760
28	0.017566	-0.000000	-0.003727	23.533428
29	0.017566	-0.002000	-0.003727	23.635440
30	0.016312	-0.000000	-0.003747	20.300400
31	0.016312	-0.002000	-0.003747	20.615736
32	0.015058	-0.000000	-0.003751	17.775624
33	0.015058	-0.002000	-0.003751	18.292814
34	0.013804	-0.000000	-0.003737	16.504116
35	0.013804	-0.002000	-0.003737	16.392931
36	0.012550	-0.000000	-0.003703	17.052187
37	0.012550	-0.002000	-0.003703	17.116162
38	0.011297	-0.000000	-0.003648	16.392571
39	0.011297	-0.002000	-0.003648	16.950473
40	0.010046	-0.000000	-0.003569	19.272790
41	0.010046	-0.002000	-0.003569	19.947425
42	0.008796	-0.000000	-0.003462	21.005832
43	0.008796	-0.002000	-0.003462	21.196397
44	0.007550	-0.000000	-0.003324	25.228032
45	0.007550	-0.002000	-0.003324	25.281216
46	0.006308	-0.000000	-0.003145	30.581880
47	0.006308	-0.002000	-0.003145	31.361880
48	0.005075	-0.000000	-0.002915	39.997512
49	0.005075	-0.002000	-0.002915	41.022672
50	0.003855	-0.000000	-0.002627	53.094288
51	0.003855	-0.002000	-0.002627	53.419584
52	0.002659	-0.000000	-0.002248	75.462240
53	0.002659	-0.002000	-0.002248	75.600192
54	0.001515	-0.000000	-0.001735	117.415224
55	0.001515	-0.002000	-0.001735	117.918576
56	0.000509	-0.000000	-0.000986	214.087896
57	0.000509	-0.002000	-0.000986	214.581048
58	-0.000018	0.000000	0.000152	246.025680
59	-0.000018	-0.002000	0.000152	245.813040
60	0.037116	0.000000	-0.003146	38.801448
61	0.037116	-0.002000	-0.003146	39.549576
62	0.039315	0.000000	-0.003080	38.134632
63	0.039315	-0.002000	-0.003080	38.845728
64	0.041734	0.000000	-0.003007	39.287856
65	0.041734	-0.002000	-0.003007	40.261320
66	0.044395	0.000000	-0.002928	40.374720
67	0.044395	-0.002000	-0.002928	40.788024
68	0.047322	0.000000	-0.002840	40.650816
69	0.047322	-0.002000	-0.002840	41.093472
70	0.050541	0.000000	-0.002743	40.256280
71	0.050541	-0.002000	-0.002743	40.961976
72	0.053993	0.000000	-0.002639	40.818000
73	0.053993	-0.002000	-0.002639	41.423064
74	0.057444	0.000000	-0.002536	40.321392
75	0.057444	-0.002000	-0.002536	40.811688
76	0.060896	0.000000	-0.002432	39.537840
77	0.060896	-0.002000	-0.002432	40.120272
78	0.064347	0.000000	-0.002329	38.668128
79	0.064347	-0.002000	-0.002329	39.571560
80	0.067798	0.000000	-0.002225	37.388688
81	0.067798	-0.002000	-0.002225	38.863824
82	0.071250	0.000000	-0.002121	40.260120
83	0.071250	-0.002000	-0.002121	41.019192
84	0.074701	0.000000	-0.002018	39.718752
85	0.074701	-0.002000	-0.002018	40.649976
86	0.078153	0.000000	-0.001914	35.801952
87	0.078153	-0.002000	-0.001914	37.839216
88	0.081604	0.000000	-0.001811	34.742952
89	0.081604	-0.002000	-0.001811	36.653808
90	0.085056	0.000000	-0.001707	39.513840
91	0.085056	-0.002000	-0.001707	39.740832
92	0.088507	0.000000	-0.001603	38.765904
93	0.088507	-0.002000	-0.001603	38.666712
94	0.091959	0.000000	-0.001500	35.197440
95	0.091959	-0.002000	-0.001500	36.563808
96	0.095410	0.000000	-0.001396	33.548952
97	0.095410	-0.002000	-0.001396	34.664352
98	0.098861	0.000000	-0.001293	35.186832
99	0.098861	-0.002000	-0.001293	35.829264
100	0.102313	0.000000	-0.001189	34.680264
101	0.102313	-0.002000	-0.001189	35.693400
102	0.105764	0.000000	-0.001085	35.182104
103	0.105764	-0.002000	-0.001085	35.920656
104	0.109216	0.000000	-0.000982	34.951416
105	0.109216	-0.002000	-0.000982	35.546952
106	0.112667	0.000000	-0.000878	33.278328
107	0.112667	-0.002000	-0.000878	34.186560
108	0.116119	0.000000	-0.000775	33.247392
109	0.116119	-0.002000	-0.000775	33.945288
110	0.119570	0.000000	-0.000671	32.131992
111	0.119570	-0.002000	-0.000671	32.896344
112	0.123022	0.000000	-0.000567	33.299496
113	0.123022	-0.002000	-0.000567	33.861864
114	0.126473	0.000000	-0.000464	35.274600
115	0.126473	-0.002000	-0.000464	35.427432
116	0.129924	0.000000	-0.000360	34.120248
117	0.129924	-0.002000	-0.000360	34.653456
118	0.133376	0.000000	-0.000257	34.657536
119	0.133376	-0.002000	-0.000257	34.988352
120	0.136827	0.000000	-0.000153	34.843512
121	0.136827	-0.002000	-0.000153	35.070552
122	0.140279	0.000000	-0.000049	35.058624
123	0.140279	-0.002000	-0.000049	35.503968
124	0.143730	0.000000	0.000054	33.666024
125	0.143730	-0.002000	0.000054	34.476816
126	0.147182	0.000000	0.000158	36.778080
127	0.147182	-0.002000	0.000158	36.801912
128	0.150633	0.000000	0.000261	35.961984
129	0.150633	-0.002000	0.000261	36.104496
130	0.154084	0.000000	0.000365	35.463864
131	0.154084	-0.002000	0.000365	36.167472
132	0.157536	0.000000	0.000469	37.785720
133	0.157536	-0.002000	0.000469	38.578344
134	0.160987	0.000000	0.000572	39.839736
135	0.160987	-0.002000	0.000572	39.915432
136	0.164439	0.000000	0.000676	39.471360
137	0.164439	-0.002000	0.000676	39.940128
138	0.167890	0.000000	0.000779	40.315728
139	0.167890	-0.002000	0.000779	41.137200
140	0.171342	0.000000	0.000883	42.117048
141	0.171342	-0.002000	0.000883	42.738072
142	0.174793	0.000000	0.000987	43.238136
143	0.174793	-0.002000	0.000987	43.764504
144	0.178245	0.000000	0.001090	45.195840
145	0.178245	-0.002000	0.001090	45.945912
146	0.181696	0.000000	0.001194	49.414584
147	0.181696	-0.002000	0.001194	49.510824
148	0.185147	0.000000	0.001298	51.319632
149	0.185147	-0.002000	0.001298	51.474552
150	0.188571	0.000000	0.001400	52.124784
151	0.188571	-0.002000	0.001400	53.311632
152	0.191683	0.000000	0.001494	58.935072
153	0.191683	-0.002000	0.001494	59.576160
154	0.194512	0.000000	0.001579	61.785480
155	0.194512	-0.002000	0.001579	62.608128
156	0.197084	0.000000	0.001648	82.405800
157	0.197084	-0.002000	0.001648	83.227896
158	0.000089	0.000000	0.001731	162.649752
159	0.000089	-0.002000	0.001731	162.829608
160	0.000654	0.000000	0.003209	50.217336
161	0.000654	-0.002000	0.003209	50.070144
162	0.001520	0.000000	0.004534	-39.516624
163	0.001520	-0.002000	0.004534	-39.732240
164	0.002573	0.000000	0.005715	-104.965872
165	0.002573	-0.002000	0.005715	-105.675936
166	0.003749	0.000000	0.006773	-148.513584
167	0.003749	-0.002000	0.006773	-148.853640
168	0.005006	0.000000	0.007734	-177.539352
169	0.005006	-0.002000	0.007734	-178.025808
170	0.006322	0.000000	0.008612	-201.877944
171	0.006322	-0.002000	0.008612	-202.132992
172	0.007684	0.000000	0.009418	-220.523016
173	0.007684	-0.002000	0.009418	-221.177712
174	0.009081	0.000000	0.010161	-232.571784
175	0.009081	-0.002000	0.010161	-232.807704
176	0.010504	0.000000	0.010852	-242.279040
177	0.010504	-0.002000	0.010852	-242.701440
178	0.011952	0.000000	0.011491	-250.458960
179	0.011952	-0.002000	0.011491	-250.664400
180	0.013417	0.000000	0.012089	-259.666800
181	0.013417	-0.002000	0.012089	-259.987200
182	0.014901	0.000000	0.012637	-263.103360
183	0.014901	-0.002000	0.012637	-263.215920
184	0.016395	0.000000	0.013159	-266.524080
185	0.016395	-0.002000	0.013159	-266.788560
186	0.017904	0.000000	0.013633	-272.214720
187	0.017904	-0.002000	0.013633	-272.481840
188	0.019422	0.000000	0.014082	-269.228640
189	0.019422	-0.002000	0.014082	-269.442720
190	0.020947	0.000000	0.014502	-278.999280
191	0.020947	-0.002000	0.014502	-279.389520
192	0.022484	0.000000	0.014880	-276.635040
193	0.022484	-0.002000	0.014880	-277.033440
194	0.024025	0.000000	0.015236	-276.210720
195	0.024025	-0.002000	0.015236	-276.534720
196	0.025573	0.000000	0.015562	-279.974880
197	0.025573	-0.002000	0.015562	-280.103520
198	0.027129	0.000000	0.015854	-277.360800
199	0.027129	-0.002000	0.015854	-277.529760
200	0.028687	0.000000	0.016127	-277.617600
201	0.028687	-0.002000	0.016127	-277.917120
202	0.030252	0.000000	0.016362	-278.802240
203	0.030252	-0.002000	0.016362	-278.988960
204	0.031820	0.000000	0.016572	-270.786720
205	0.031820	-0.002000	0.016572	-270.904560
206	0.033391	0.000000	0.016762	-274.415520
207	0.033391	-0.002000	0.016762	-274.549440
208	0.034966	0.000000	0.016908	-270.419520
209	0.034966	-0.002000	0.016908	-270.471360
210	0.036544	0.000000	0.017035	-263.262240
211	0.036544	-0.002000	0.017035	-263.173680
212	0.038123	0.000000	0.017132	-262.820400
213	0.038123	-0.002000	0.017132	-262.627680
214	0.039704	0.000000	0.017192	-251.142480
215	0.039704	-0.002000	0.017192	-251.407440
216	0.040869	0.000000	0.017228	-253.129440
217	0.040869	-0.002000	0.017228	-253.042320
218	0.042152	0.000000	0.017228	-243.566880
219	0.042152	-0.002000	0.017228	-244.049280
220	0.043563	0.000000	0.017219	-231.194592
221	0.043563	-0.002000	0.017219	-231.840936
222	0.045114	0.000000	0.017166	-217.540368
223	0.045114	-0.002000	0.017166	-217.400424
224	0.046819	0.000000	0.017088	-197.011968
225	0.046819	-0.002000	0.017088	-196.376208
226	0.048694	0.000000	0.016991	-181.282152
227	0.048694	-0.002000	0.016991	-181.025880
228	0.050757	0.000000	0.016885	-164.771208
229	0.050757	-0.002000	0.016885	-164.048232
230	0.053026	0.000000	0.016769	-152.941680
231	0.053026	-0.002000	0.016769	-152.077032
232	0.055522	0.000000	0.016640	-146.203224
233	0.055522	-0.002000	0.016640	-145.882152
234	0.058267	0.000000	0.016499	-138.692880
235	0.058267	-0.002000	0.016499	-138.537816
236	0.061287	0.000000	0.016344	-132.170304
237	0.061287	-0.002000	0.016344	-131.832384
238	0.064610	0.000000	0.016173	-122.246592
239	0.064610	-0.002000	0.016173	-122.071776
240	0.068264	0.000000	0.015985	-118.536000
241	0.068264	-0.002000	0.015985	-118.070688
242	0.071923	0.000000	0.015797	-111.548976
243	0.071923	-0.002000	0.015797	-111.048936
244	0.075583	0.000000	0.015609	-106.831536
245	0.075583	-0.002000	0.015609	-107.442984
246	0.079242	0.000000	0.015421	-101.720688
247	0.079242	-0.002000	0.015421	-101.660448
248	0.082901	0.000000	0.015233	-99.596352
249	0.082901	-0.002000	0.015233	-98.100072
250	0.086561	0.000000	0.015045	-95.061456
251	0.086561	-0.002000	0.015045	-94.602720
252	0.090220	0.000000	0.014857	-93.200568
253	0.090220	-0.002000	0.014857	-93.405552
254	0.093879	0.000000	0.014669	-90.332640
255	0.093879	-0.002000	0.014669	-90.076800
256	0.097539	0.000000	0.014481	-86.950488
257	0.097539	-0.002000	0.014481	-87.659664
258	0.101198	0.000000	0.014293	-82.034184
259	0.101198	-0.002000	0.014293	-82.380144
260	0.104857	0.000000	0.014105	-79.551624
261	0.104857	-0.002000	0.014105	-79.661544
262	0.108517	0.000000	0.013917	-81.250200
263	0.108517	-0.002000	0.013917	-81.643296
264	0.112176	0.000000	0.013728	-79.103280
265	0.112176	-0.002000	0.013728	-79.084008
266	0.115835	0.000000	0.013540	-77.350248
267	0.115835	-0.002000	0.013540	-77.944176
268	0.119495	0.000000	0.013352	-73.117992
269	0.119495	-0.002000	0.013352	-73.331136
270	0.123154	0.000000	0.013164	-69.660912
271	0.123154	-0.002000	0.013164	-68.642952
272	0.126814	0.000000	0.012976	-67.280712
273	0.126814	-0.002000	0.012976	-67.153344
274	0.130473	0.000000	0.012788	-68.706192
275	0.130473	-0.002000	0.012788	-69.307848
276	0.134132	0.000000	0.012600	-68.107464
277	0.134132	-0.002000	0.012600	-67.106136
278	0.137792	0.000000	0.012412	-65.927232
279	0.137792	-0.002000	0.012412	-65.893320
280	0.141451	0.000000	0.012224	-65.195016
281	0.141451	-0.002000	0.012224	-64.876656
282	0.145110	0.000000	0.012036	-66.762624
283	0.145110	-0.002000	0.012036	-65.846520
284	0.148770	0.000000	0.011848	-59.547144
285	0.148770	-0.002000	0.011848	-60.005448
286	0.152429	0.000000	0.011660	-59.126424
287	0.152429	-0.002000	0.011660	-59.499168
288	0.156088	0.000000	0.011471	-58.820208
289	0.156088	-0.002000	0.011471	-58.162872
290	0.159748	0.000000	0.011283	-61.959120
291	0.159748	-0.002000	0.011283	-61.503960
292	0.163407	0.000000	0.011095	-58.841592
293	0.163407	-0.002000	0.011095	-59.199192
294	0.167067	0.000000	0.010907	-58.746600
295	0.167067	-0.002000	0.010907	-58.066584
296	0.170726	0.000000	0.010719	-62.186304
297	0.170726	-0.002000	0.010719	-61.344504
298	0.174385	0.000000	0.010531	-64.685304
299	0.174385	-0.002000	0.010531	-64.036800
300	0.178045	0.000000	0.010343	-71.653440
301	0.178045	-0.002000	0.010343	-70.585752
302	0.181704	0.000000	0.010155	-76.358832
303	0.181704	-0.002000	0.010155	-76.377840
304	0.185359	0.000000	0.009967	-88.704672
305	0.185359	-0.002000	0.009967	-87.816216
306	0.188683	0.000000	0.009796	-97.386216
307	0.188683	-0.002000	0.009796	-96.325128
308	0.191703	0.000000	0.009641	-116.794224
309	0.191703	-0.002000	0.009641	-116.849880
310	0.194450	0.000000	0.009500	-131.392440
311	0.194450	-0.002000	0.009500	-131.224080
312	0.196946	0.000000	0.009371	-206.155224
313	0.196946	-0.002000	0.009371	-206.815224
314	0.199580	0.000000	0.001501	77.611488
315	0.199580	-0.002000	0.001501	78.109608
316	0.202009	0.000000	0.001358	55.917360
317	0.202009	-0.002000	0.001358	56.498184
318	0.204350	0.000000	0.001219	55.789056
319	0.204350	-0.002000	0.001219	56.393184
320	0.206586	0.000000	0.001087	53.773632
321	0.206586	-0.002000	0.001087	54.356304
322	0.208702	0.000000	0.000962	51.754728
323	0.208702	-0.002000	0.000962	52.258056
324	0.210687	0.000000	0.000845	48.830040
325	0.210687	-0.002000	0.000845	49.927248
326	0.212534	0.000000	0.000736	48.450624
327	0.212534	-0.002000	0.000736	48.692232
328	0.214241	0.000000	0.000635	50.425776
329	0.214241	-0.002000	0.000635	51.230928
330	0.215808	0.000000	0.000543	48.301680
331	0.215808	-0.002000	0.000543	49.626096
332	0.217236	0.000000	0.000458	46.821768
333	0.217236	-0.002000	0.000458	47.714088
334	0.218531	0.000000	0.000382	46.580016
335	0.218531	-0.002000	0.000382	46.931784
336	0.219698	0.000000	0.000313	49.286544
337	0.219698	-0.002000	0.000313	49.820424
338	0.220747	0.000000	0.000251	47.701368
339	0.220747	-0.002000	0.000251	48.237216
340	0.221683	0.000000	0.000196	48.405408
341	0.221683	-0.002000	0.000196	48.229512
342	0.222518	0.000000	0.000147	46.177848
343	0.222518	-0.002000	0.000147	46.818792
344	0.223258	0.000000	0.000103	47.685384
345	0.223258	-0.002000	0.000103	48.264408
346	0.223913	0.000000	0.000064	42.978168
347	0.223913	-0.002000	0.000064	43.660416
348	0.224491	0.000000	0.000030	50.919264
349	0.224491	-0.002000	0.000030	50.826528
350	0.225000	0.000000	0.000000	56.994144
351	0.225000	-0.002000	0.000000	57.613896
352	0.199459	0.000000	0.008546	-171.927888
353	0.199459	-0.002000	0.008546	-171.925176
354	0.201900	0.000000	0.007729	-85.676904
355	0.201900	-0.002000	0.007729	-85.944192
356	0.204252	0.000000	0.006942	-84.647976
357	0.204252	-0.002000	0.006942	-84.736200
358	0.206499	0.000000	0.006191	-61.061640
359	0.206499	-0.002000	0.006191	-61.036128
360	0.208624	0.000000	0.005479	-50.505168
361	0.208624	-0.002000	0.005479	-50.178240
362	0.210619	0.000000	0.004812	-41.536512
363	0.210619	-0.002000	0.004812	-41.353944
364	0.212475	0.000000	0.004191	-34.050120
365	0.212475	-0.002000	0.004191	-33.563088
366	0.214190	0.000000	0.003617	-22.554060
367	0.214190	-0.002000	0.003617	-22.329888
368	0.215764	0.000000	0.003090	-15.923402
369	0.215764	-0.002000	0.003090	-16.218185
370	0.217199	0.000000	0.002610	-10.512883
371	0.217199	-0.002000	0.002610	-10.906615
372	0.218500	0.000000	0.002175	-3.321060
373	0.218500	-0.002000	0.002175	-3.162072
374	0.219673	0.000000	0.001782	4.112734
375	0.219673	-0.002000	0.001782	4.033411
376	0.220726	0.000000	0.001430	11.514413
377	0.220726	-0.002000	0.001430	11.762042
378	0.221668	0.000000	0.001115	17.481072
379	0.221668	-0.002000	0.001115	17.286449
380	0.222506	0.000000	0.000835	24.950688
381	0.222506	-0.002000	0.000835	25.243944
382	0.223250	0.000000	0.000586	32.297640
383	0.223250	-0.002000	0.000586	31.856016
384	0.223908	0.000000	0.000365	45.024216
385	0.223908	-0.002000	0.000365	45.343080
386	0.224489	0.000000	0.000171	42.990336
387	0.224489	-0.002000	0.000171	42.654384
