0.000126
-0.000000
-0.000003
0.000126
-0.000000
-0.000003
0.000672
-0.000000
-0.000010
0.000672
-0.000000
-0.000010
0.001204
-0.000000
0.000198
0.001204
-0.000000
0.000198
0.001474
-0.000000
0.000786
0.001474
-0.000000
0.000786
0.001274
-0.000000
0.001343
0.001274
-0.000000
0.001343
0.000905
-0.000001
0.001472
0.000905
-0.000001
0.001472
0.000641
-0.000002
0.001418
0.000641
-0.000002
0.001418
0.000470
-0.000002
0.001313
0.000470
-0.000002
0.001313
0.000349
-0.000001
0.001185
0.000349
-0.000001
0.001185
0.000266
-0.000001
0.001081
0.000266
-0.000001
0.001081
0.000207
-0.000000
0.000994
0.000207
-0.000000
0.000994
0.000162
0.000000
0.000912
0.000162
0.000000
0.000912
0.000128
0.000001
0.000836
0.000128
0.000001
0.000836
0.000103
0.000001
0.000776
0.000103
0.000001
0.000776
0.000085
0.000000
0.000729
0.000085
0.000000
0.000729
0.000067
-0.000000
0.000678
0.000067
-0.000000
0.000678
0.000052
-0.000001
0.000623
0.000052
-0.000001
0.000623
0.000040
-0.000001
0.000579
0.000040
-0.000001
0.000579
0.000030
-0.000001
0.000548
0.000030
-0.000001
0.000548
0.000021
-0.000002
0.000507
0.000021
-0.000002
0.000507
0.000012
-0.000003
0.000463
0.000012
-0.000003
0.000463
0.000006
-0.000004
0.000438
0.000006
-0.000004
0.000438
0.000001
-0.000005
0.000420
0.000001
-0.000005
0.000420
-0.000004
-0.000006
0.000402
-0.000004
-0.000006
0.000402
-0.000008
-0.000008
0.000374
-0.000008
-0.000008
0.000374
-0.000015
-0.000008
0.000330
-0.000015
-0.000008
0.000330
-0.000025
-0.000007
0.000327
-0.000025
-0.000007
0.000327
-0.000031
-0.000006
0.000380
-0.000031
-0.000006
0.000380
-0.000035
-0.000005
0.000420
-0.000035
-0.000005
0.000420
-0.000038
-0.000004
0.000443
-0.000038
-0.000004
0.000443
-0.000046
-0.000003
0.000515
-0.000046
-0.000003
0.000515
-0.000060
-0.000002
0.000641
-0.000060
-0.000002
0.000641
-0.000072
-0.000001
0.000745
-0.000072
-0.000001
0.000745
-0.000078
0.000000
0.000788
-0.000078
0.000000
0.000788
-0.000082
0.000002
0.000815
-0.000082
0.000002
0.000815
-0.000083
0.000003
0.000872
-0.000083
0.000003
0.000872
-0.000083
0.000002
0.000914
-0.000083
0.000002
0.000914
-0.000083
0.000000
0.000908
-0.000083
0.000000
0.000908
-0.000084
-0.000002
0.000917
-0.000084
-0.000002
0.000917
-0.000085
-0.000003
0.000973
-0.000085
-0.000003
0.000973
-0.000085
-0.000002
0.001020
-0.000085
-0.000002
0.001020
-0.000085
0.000000
0.001007
-0.000085
0.000000
0.001007
-0.000084
0.000003
0.000980
-0.000084
0.000003
0.000980
-0.000081
0.000004
0.001006
-0.000081
0.000004
0.001006
-0.000081
0.000003
0.001046
-0.000081
0.000003
0.001046
-0.000079
0.000000
0.001013
-0.000079
0.000000
0.001013
-0.000076
-0.000002
0.000947
-0.000076
-0.000002
0.000947
-0.000072
-0.000003
0.000957
-0.000072
-0.000003
0.000957
-0.000072
-0.000002
0.001004
-0.000072
-0.000002
0.001004
-0.000071
0.000000
0.000975
-0.000071
0.000000
0.000975
-0.000068
0.000003
0.000904
-0.000068
0.000003
0.000904
-0.000065
0.000004
0.000906
-0.000065
0.000004
0.000906
-0.000064
0.000003
0.000949
-0.000064
0.000003
0.000949
-0.000065
0.000001
0.000929
-0.000065
0.000001
0.000929
-0.000063
-0.000002
0.000878
-0.000063
-0.000002
0.000878
-0.000060
-0.000003
0.000893
-0.000060
-0.000003
0.000893
-0.000060
-0.000002
0.000938
-0.000060
-0.000002
0.000938
-0.000060
0.000000
0.000925
-0.000060
0.000000
0.000925
-0.000059
0.000002
0.000891
-0.000059
0.000002
0.000891
-0.000058
0.000003
0.000918
-0.000058
0.000003
0.000918
-0.000058
0.000003
0.000968
-0.000058
0.000003
0.000968
-0.000060
0.000001
0.000978
-0.000060
0.000001
0.000978
-0.000061
-0.000001
0.000981
-0.000061
-0.000001
0.000981
-0.000059
-0.000003
0.001016
-0.000059
-0.000003
0.001016
-0.000058
-0.000002
0.001056
-0.000058
-0.000002
0.001056
-0.000060
0.000000
0.001077
-0.000060
0.000000
0.001077
-0.000062
0.000002
0.001103
-0.000062
0.000002
0.001103
-0.000060
0.000003
0.001142
-0.000060
0.000003
0.001142
-0.000059
0.000002
0.001173
-0.000059
0.000002
0.001173
-0.000060
0.000001
0.001192
-0.000060
0.000001
0.001192
-0.000061
-0.000001
0.001215
-0.000061
-0.000001
0.001215
-0.000059
-0.000002
0.001246
-0.000059
-0.000002
0.001246
-0.000056
-0.000001
0.001268
-0.000056
-0.000001
0.001268
-0.000056
0.000000
0.001279
-0.000056
0.000000
0.001279
-0.000057
0.000001
0.001292
-0.000057
0.000001
0.001292
-0.000055
0.000002
0.001311
-0.000055
0.000002
0.001311
-0.000052
0.000002
0.001326
-0.000052
0.000002
0.001326
-0.000052
0.000001
0.001337
-0.000052
0.000001
0.001337
-0.000052
-0.000001
0.001348
-0.000052
-0.000001
0.001348
-0.000049
-0.000001
0.001360
-0.000049
-0.000001
0.001360
-0.000046
-0.000001
0.001373
-0.000046
-0.000001
0.001373
-0.000046
0.000000
0.001386
-0.000046
0.000000
0.001386
-0.000046
0.000001
0.001405
-0.000046
0.000001
0.001405
-0.000043
0.000002
0.001420
-0.000043
0.000002
0.001420
-0.000040
0.000001
0.001429
-0.000040
0.000001
0.001429
-0.000040
0.000000
0.001447
-0.000040
0.000000
0.001447
-0.000039
-0.000001
0.001482
-0.000039
-0.000001
0.001482
-0.000036
-0.000001
0.001510
-0.000036
-0.000001
0.001510
-0.000033
-0.000001
0.001512
-0.000033
-0.000001
0.001512
-0.000031
0.000000
0.001525
-0.000031
0.000000
0.001525
-0.000030
0.000001
0.001561
-0.000030
0.000001
0.001561
-0.000027
0.000002
0.001577
-0.000027
0.000002
0.001577
-0.000024
0.000001
0.001567
-0.000024
0.000001
0.001567
-0.000022
0.000001
0.001565
-0.000022
0.000001
0.001565
-0.000020
-0.000000
0.001576
-0.000020
-0.000000
0.001576
-0.000016
-0.000001
0.001589
-0.000016
-0.000001
0.001589
-0.000012
-0.000000
0.001587
-0.000012
-0.000000
0.001587
-0.000010
0.000000
0.001565
-0.000010
0.000000
0.001565
-0.000008
0.000001
0.001542
-0.000008
0.000001
0.001542
-0.000006
0.000002
0.001523
-0.000006
0.000002
0.001523
-0.000004
0.000002
0.001500
-0.000004
0.000002
0.001500
-0.000002
0.000002
0.001468
-0.000002
0.000002
0.001468
-0.000000
0.000003
0.001431
-0.000000
0.000003
0.001431
0.000000
0.000003
0.001412
0.000000
0.000003
0.001412
-0.000037
-0.000000
0.000000
-0.000037
-0.000000
0.000000
-0.000038
-0.000000
0.000000
-0.000038
-0.000000
0.000000
-0.000039
-0.000000
0.000000
-0.000039
-0.000000
0.000000
-0.000040
-0.000000
0.000000
-0.000040
-0.000000
0.000000
-0.000040
-0.000000
0.000000
-0.000040
-0.000000
0.000000
-0.000041
-0.000000
0.000000
-0.000041
-0.000000
0.000000
-0.000043
-0.000000
0.000000
-0.000043
-0.000000
0.000000
-0.000044
-0.000000
0.000000
-0.000044
-0.000000
0.000000
-0.000045
-0.000000
0.000000
-0.000045
-0.000000
0.000000
-0.000044
-0.000000
0.000000
-0.000044
-0.000000
0.000000
-0.000043
-0.000000
0.000000
-0.000043
-0.000000
0.000000
-0.000043
-0.000000
0.000000
-0.000043
-0.000000
0.000000
-0.000045
-0.000000
0.000000
-0.000045
-0.000000
0.000000
-0.000045
-0.000000
0.000000
-0.000045
-0.000000
0.000000
-0.000043
-0.000000
0.000000
-0.000043
-0.000000
0.000000
-0.000043
-0.000000
0.000000
-0.000043
-0.000000
0.000000
-0.000047
-0.000000
0.000000
-0.000047
-0.000000
0.000000
-0.000049
-0.000000
0.000000
-0.000049
-0.000000
0.000000
-0.000046
-0.000000
0.000000
-0.000046
-0.000000
0.000000
-0.000041
-0.000000
0.000000
-0.000041
-0.000000
0.000000
-0.000042
-0.000000
0.000000
-0.000042
-0.000000
0.000000
-0.000050
-0.000000
0.000000
-0.000050
-0.000000
0.000000
-0.000055
-0.000000
0.000001
-0.000055
-0.000000
0.000001
-0.000047
-0.000000
0.000000
-0.000047
-0.000000
0.000000
-0.000038
-0.000000
0.000000
-0.000038
-0.000000
0.000000
-0.000048
-0.000000
0.000000
-0.000048
-0.000000
0.000000
-0.000075
-0.000000
0.000001
-0.000075
-0.000000
0.000001
-0.000062
-0.000000
0.000001
-0.000062
-0.000000
0.000001
0.000015
0.000000
-0.000000
0.000015
0.000000
-0.000000
0.000030
0.000000
0.000010
0.000030
0.000000
0.000010
-0.001236
0.000003
0.004044
-0.001236
0.000003
0.004044
-0.001341
0.000002
0.004613
-0.001341
0.000002
0.004613
-0.001260
0.000001
0.004603
-0.001260
0.000001
0.004603
-0.001181
-0.000002
0.004592
-0.001181
-0.000002
0.004592
-0.001105
-0.000003
0.004560
-0.001105
-0.000003
0.004560
-0.001030
-0.000001
0.004519
-0.001030
-0.000001
0.004519
-0.000954
0.000002
0.004488
-0.000954
0.000002
0.004488
-0.000878
0.000005
0.004449
-0.000878
0.000005
0.004449
-0.000809
0.000007
0.004403
-0.000809
0.000007
0.004403
-0.000743
0.000005
0.004359
-0.000743
0.000005
0.004359
-0.000670
0.000001
0.004303
-0.000670
0.000001
0.004303
-0.000596
-0.000002
0.004228
-0.000596
-0.000002
0.004228
-0.000532
-0.000004
0.004157
-0.000532
-0.000004
0.004157
-0.000473
-0.000003
0.004101
-0.000473
-0.000003
0.004101
-0.000405
-0.000000
0.004019
-0.000405
-0.000000
0.004019
-0.000337
0.000001
0.003898
-0.000337
0.000001
0.003898
-0.000279
0.000001
0.003787
-0.000279
0.000001
0.003787
-0.000227
-0.000003
0.003694
-0.000227
-0.000003
0.003694
-0.000172
-0.000010
0.003569
-0.000172
-0.000010
0.003569
-0.000120
-0.000017
0.003376
-0.000120
-0.000017
0.003376
-0.000114
-0.000016
0.003171
-0.000114
-0.000016
0.003171
-0.000115
0.000004
0.003071
-0.000115
0.000004
0.003071
-0.000077
0.000033
0.003017
-0.000077
0.000033
0.003017
-0.000041
0.000061
0.002852
-0.000041
0.000061
0.002852
-0.000069
0.000075
0.002666
-0.000069
0.000075
0.002666
-0.000101
0.000064
0.002659
-0.000101
0.000064
0.002659
-0.000083
0.000043
0.002711
-0.000083
0.000043
0.002711
-0.000079
0.000025
0.002652
-0.000079
0.000025
0.002652
-0.000090
0.000013
0.002622
-0.000090
0.000013
0.002622
-0.000102
0.000007
0.002690
-0.000102
0.000007
0.002690
-0.000101
0.000004
0.002740
-0.000101
0.000004
0.002740
-0.000096
0.000001
0.002748
-0.000096
0.000001
0.002748
-0.000084
-0.000001
0.002776
-0.000084
-0.000001
0.002776
-0.000071
-0.000001
0.002809
-0.000071
-0.000001
0.002809
-0.000063
-0.000000
0.002815
-0.000063
-0.000000
0.002815
-0.000054
0.000000
0.002820
-0.000054
0.000000
0.002820
-0.000047
0.000000
0.002828
-0.000047
0.000000
0.002828
-0.000039
0.000000
0.002827
-0.000039
0.000000
0.002827
-0.000031
-0.000000
0.002841
-0.000031
-0.000000
0.002841
-0.000023
-0.000001
0.002878
-0.000023
-0.000001
0.002878
-0.000012
-0.000001
0.002884
-0.000012
-0.000001
0.002884
-0.000002
-0.000001
0.002854
-0.000002
-0.000001
0.002854
0.000006
0.000000
0.002850
0.000006
0.000000
0.002850
0.000013
0.000001
0.002874
0.000013
0.000001
0.002874
0.000022
0.000001
0.002843
0.000022
0.000001
0.002843
0.000029
0.000000
0.002760
0.000029
0.000000
0.002760
0.000036
-0.000000
0.002742
0.000036
-0.000000
0.002742
0.000043
-0.000001
0.002782
0.000043
-0.000001
0.002782
0.000050
-0.000001
0.002738
0.000050
-0.000001
0.002738
0.000056
-0.000001
0.002629
0.000056
-0.000001
0.002629
0.000061
-0.000001
0.002613
0.000061
-0.000001
0.002613
0.000068
-0.000001
0.002656
0.000068
-0.000001
0.002656
0.000072
-0.000001
0.002612
0.000072
-0.000001
0.002612
0.000074
-0.000001
0.002528
0.000074
-0.000001
0.002528
0.000079
-0.000001
0.002518
0.000079
-0.000001
0.002518
0.000084
-0.000001
0.002544
0.000084
-0.000001
0.002544
0.000089
-0.000001
0.002518
0.000089
-0.000001
0.002518
0.000092
-0.000000
0.002468
0.000092
-0.000000
0.002468
0.000096
0.000000
0.002453
0.000096
0.000000
0.002453
0.000100
0.000000
0.002451
0.000100
0.000000
0.002451
0.000104
0.000001
0.002426
0.000104
0.000001
0.002426
0.000108
-0.000000
0.002388
0.000108
-0.000000
0.002388
0.000111
-0.000001
0.002366
0.000111
-0.000001
0.002366
0.000115
-0.000002
0.002367
0.000115
-0.000002
0.002367
0.000121
-0.000002
0.002359
0.000121
-0.000002
0.002359
0.000126
-0.000002
0.002326
0.000126
-0.000002
0.002326
0.000128
-0.000000
0.002290
0.000128
-0.000000
0.002290
0.000130
0.000001
0.002271
0.000130
0.000001
0.002271
0.000136
0.000002
0.002261
0.000136
0.000002
0.002261
0.000142
0.000001
0.002241
0.000142
0.000001
0.002241
0.000143
-0.000001
0.002217
0.000143
-0.000001
0.002217
0.000145
-0.000003
0.002201
0.000145
-0.000003
0.002201
0.000152
-0.000004
0.002194
0.000152
-0.000004
0.002194
0.000158
-0.000003
0.002185
0.000158
-0.000003
0.002185
0.000157
-0.000002
0.002141
0.000157
-0.000002
0.002141
-0.001110
0.000003
0.003463
-0.001110
0.000003
0.003463
-0.001159
0.000002
0.003463
-0.001159
0.000002
0.003463
-0.001210
0.000002
0.003463
-0.001210
0.000002
0.003463
-0.001256
0.000002
0.003447
-0.001256
0.000002
0.003447
-0.001305
0.000002
0.003431
-0.001305
0.000002
0.003431
-0.001359
0.000002
0.003422
-0.001359
0.000002
0.003422
-0.001410
0.000001
0.003402
-0.001410
0.000001
0.003402
-0.001458
0.000001
0.003368
-0.001458
0.000001
0.003368
-0.001512
0.000000
0.003342
-0.001512
0.000000
0.003342
-0.001568
0.000000
0.003311
-0.001568
0.000000
0.003311
-0.001625
0.000001
0.003273
-0.001625
0.000001
0.003273
-0.001686
0.000002
0.003239
-0.001686
0.000002
0.003239
-0.001749
0.000003
0.003199
-0.001749
0.000003
0.003199
-0.001807
0.000004
0.003141
-0.001807
0.000004
0.003141
-0.001875
0.000004
0.003081
-0.001875
0.000004
0.003081
-0.001950
0.000003
0.003022
-0.001950
0.000003
0.003022
-0.002007
0.000002
0.002931
-0.002007
0.000002
0.002931
-0.002051
0.000001
0.002809
-0.002051
0.000001
0.002809
-0.002105
-0.000001
0.002689
-0.002105
-0.000001
0.002689
-0.002156
-0.000001
0.002548
-0.002156
-0.000001
0.002548
-0.002167
-0.000001
0.002352
-0.002167
-0.000001
0.002352
-0.002146
0.000000
0.002121
-0.002146
0.000000
0.002121
-0.002099
0.000001
0.001865
-0.002099
0.000001
0.001865
-0.001999
0.000001
0.001570
-0.001999
0.000001
0.001570
-0.001809
0.000002
0.001227
-0.001809
0.000002
0.001227
-0.001519
0.000002
0.000860
-0.001519
0.000002
0.000860
-0.001083
0.000001
0.000491
-0.001083
0.000001
0.000491
-0.000483
0.000001
0.000171
-0.000483
0.000001
0.000171
0.000017
0.000000
-0.000001
0.000017
0.000000
-0.000001
0.000015
0.000000
-0.000000
0.000015
0.000000
-0.000000
-0.000017
-0.000000
0.000000
-0.000017
-0.000000
0.000000
-0.000023
-0.000000
0.000000
-0.000023
-0.000000
0.000000
-0.000016
-0.000000
0.000000
-0.000016
-0.000000
0.000000
-0.000016
-0.000000
0.000000
-0.000016
-0.000000
0.000000
-0.000019
-0.000000
0.000000
-0.000019
-0.000000
0.000000
-0.000021
-0.000000
0.000000
-0.000021
-0.000000
0.000000
-0.000019
-0.000000
0.000000
-0.000019
-0.000000
0.000000
-0.000020
-0.000000
0.000000
-0.000020
-0.000000
0.000000
-0.000022
-0.000000
0.000000
-0.000022
-0.000000
0.000000
-0.000023
-0.000000
0.000000
-0.000023
-0.000000
0.000000
-0.000023
-0.000000
0.000000
-0.000023
-0.000000
0.000000
-0.000024
-0.000000
0.000000
-0.000024
-0.000000
0.000000
-0.000026
-0.000000
0.000000
-0.000026
-0.000000
0.000000
-0.000027
-0.000000
0.000000
-0.000027
-0.000000
0.000000
-0.000027
-0.000000
0.000000
-0.000027
-0.000000
0.000000
-0.000028
-0.000000
0.000000
-0.000028
-0.000000
0.000000
-0.000029
-0.000000
0.000000
-0.000029
-0.000000
0.000000
-0.000029
-0.000000
0.000000
-0.000029
-0.000000
0.000000
-0.000030
-0.000000
0.000000
-0.000030
-0.000000
0.000000
-0.000031
-0.000000
0.000000
-0.000031
-0.000000
0.000000
-0.000032
-0.000000
0.000000
-0.000032
-0.000000
0.000000
-0.000033
-0.000000
0.000000
-0.000033
-0.000000
0.000000
-0.000033
-0.000000
0.000000
-0.000033
-0.000000
0.000000
-0.000033
-0.000000
0.000000
-0.000033
-0.000000
0.000000
-0.000035
-0.000000
0.000000
-0.000035
-0.000000
0.000000
-0.000035
-0.000000
0.000000
-0.000035
-0.000000
0.000000
-0.000036
-0.000000
0.000000
-0.000036
-0.000000
0.000000
0.000001
0.000003
0.001538
0.000001
0.000003
0.001538
0.000004
0.000004
0.001777
0.000004
0.000004
0.001777
0.000009
0.000004
0.002011
0.000009
0.000004
0.002011
0.000016
0.000004
0.002119
0.000016
0.000004
0.002119
0.000020
0.000003
0.002081
0.000020
0.000003
0.002081
0.000023
0.000002
0.002003
0.000023
0.000002
0.002003
0.000025
0.000001
0.001900
0.000025
0.000001
0.001900
0.000028
-0.000001
0.001826
0.000028
-0.000001
0.001826
0.000026
-0.000002
0.001764
0.000026
-0.000002
0.001764
0.000025
-0.000000
0.001694
0.000025
-0.000000
0.001694
0.000027
0.000003
0.001609
0.000027
0.000003
0.001609
0.000024
0.000004
0.001494
0.000024
0.000004
0.001494
0.000021
0.000002
0.001393
0.000021
0.000002
0.001393
0.000023
-0.000002
0.001334
0.000023
-0.000002
0.001334
0.000019
-0.000004
0.001249
0.000019
-0.000004
0.001249
0.000015
-0.000001
0.001134
0.000015
-0.000001
0.001134
0.000016
0.000003
0.001025
0.000016
0.000003
0.001025
0.000013
0.000004
0.000936
0.000013
0.000004
0.000936
0.000010
0.000002
0.000905
0.000010
0.000002
0.000905
0.000012
-0.000002
0.000851
0.000012
-0.000002
0.000851
0.000009
-0.000003
0.000717
0.000009
-0.000003
0.000717
0.000006
-0.000001
0.000663
0.000006
-0.000001
0.000663
0.000008
0.000002
0.000684
0.000008
0.000002
0.000684
0.000006
0.000003
0.000590
0.000006
0.000003
0.000590
0.000004
0.000001
0.000470
0.000004
0.000001
0.000470
0.000006
-0.000001
0.000495
0.000006
-0.000001
0.000495
0.000005
-0.000002
0.000553
0.000005
-0.000002
0.000553
0.000004
-0.000001
0.000524
0.000004
-0.000001
0.000524
0.000005
0.000001
0.000459
0.000005
0.000001
0.000459
0.000004
0.000002
0.000476
0.000004
0.000002
0.000476
0.000005
0.000001
0.000616
0.000005
0.000001
0.000616
0.000007
-0.000001
0.000679
0.000007
-0.000001
0.000679
0.000006
-0.000002
0.000582
0.000006
-0.000002
0.000582
0.000004
-0.000001
0.000548
0.000004
-0.000001
0.000548
0.000007
0.000001
0.000642
0.000007
0.000001
0.000642
0.000007
0.000002
0.000705
0.000007
0.000002
0.000705
0.000007
0.000001
0.000712
0.000007
0.000001
0.000712
0.000008
-0.000000
0.000654
0.000008
-0.000000
0.000654
0.000006
-0.000001
0.000555
0.000006
-0.000001
0.000555
0.000006
-0.000000
0.000556
0.000006
-0.000000
0.000556
0.000008
0.000001
0.000596
0.000008
0.000001
0.000596
0.000006
0.000001
0.000452
0.000006
0.000001
0.000452
0.000003
0.000000
0.000226
0.000003
0.000000
0.000226
0.000002
-0.000000
0.000146
0.000002
-0.000000
0.000146
0.000002
-0.000000
0.000112
0.000002
-0.000000
0.000112
-0.000001
-0.000000
-0.000021
-0.000001
-0.000000
-0.000021
-0.000004
-0.000001
-0.000199
-0.000004
-0.000001
-0.000199
-0.000007
-0.000001
-0.000331
-0.000007
-0.000001
-0.000331
-0.000009
-0.000001
-0.000416
-0.000009
-0.000001
-0.000416
-0.000012
0.000001
-0.000455
-0.000012
0.000001
-0.000455
-0.000011
0.000001
-0.000488
-0.000011
0.000001
-0.000488
-0.000010
-0.000002
-0.000529
-0.000010
-0.000002
-0.000529
-0.000014
-0.000009
-0.000599
-0.000014
-0.000009
-0.000599
-0.000007
-0.000011
-0.000535
-0.000007
-0.000011
-0.000535
0.000001
-0.000005
-0.000198
0.000001
-0.000005
-0.000198
0.000000
-0.000000
-0.000033
0.000000
-0.000000
-0.000033
0.000001
-0.000001
-0.000121
0.000001
-0.000001
-0.000121
0.000000
-0.000000
-0.000038
0.000000
-0.000000
-0.000038
-0.000001
0.000001
0.000132
-0.000001
0.000001
0.000132
-0.000001
0.000001
0.000163
-0.000001
0.000001
0.000163
-0.000001
0.000001
0.000136
-0.000001
0.000001
0.000136
-0.000001
0.000001
0.000121
-0.000001
0.000001
0.000121
-0.000001
0.000001
0.000111
-0.000001
0.000001
0.000111
-0.000001
0.000001
0.000108
-0.000001
0.000001
0.000108
-0.000001
0.000001
0.000094
-0.000001
0.000001
0.000094
-0.000001
0.000001
0.000070
-0.000001
0.000001
0.000070
-0.000001
0.000000
0.000055
-0.000001
0.000000
0.000055
-0.000001
0.000000
0.000058
-0.000001
0.000000
0.000058
-0.000001
0.000000
0.000059
-0.000001
0.000000
0.000059
-0.000001
0.000000
0.000043
-0.000001
0.000000
0.000043
-0.000000
0.000000
0.000021
-0.000000
0.000000
0.000021
-0.000000
0.000000
0.000035
-0.000000
0.000000
0.000035
-0.000001
0.000000
0.000040
-0.000001
0.000000
0.000040
0.000170
-0.000000
0.002295
0.000170
-0.000000
0.002295
0.000207
0.000000
0.002726
0.000207
0.000000
0.002726
0.000250
-0.000000
0.003229
0.000250
-0.000000
0.003229
0.000273
-0.000002
0.003495
0.000273
-0.000002
0.003495
0.000275
-0.000003
0.003433
0.000275
-0.000003
0.003433
0.000268
-0.000001
0.003259
0.000268
-0.000001
0.003259
0.000253
0.000001
0.003031
0.000253
0.000001
0.003031
0.000240
-0.000001
0.002832
0.000240
-0.000001
0.002832
0.000233
-0.000002
0.002714
0.000233
-0.000002
0.002714
0.000238
0.000000
0.002735
0.000238
0.000000
0.002735
0.000249
0.000002
0.002814
0.000249
0.000002
0.002814
0.000249
-0.000001
0.002779
0.000249
-0.000001
0.002779
0.000246
-0.000003
0.002694
0.000246
-0.000003
0.002694
0.000251
0.000000
0.002693
0.000251
0.000000
0.002693
0.000262
0.000004
0.002758
0.000262
0.000004
0.002758
0.000264
-0.000001
0.002730
0.000264
-0.000001
0.002730
0.000257
-0.000004
0.002593
0.000257
-0.000004
0.002593
0.000250
0.000000
0.002467
0.000250
0.000000
0.002467
0.000243
0.000004
0.002352
0.000243
0.000004
0.002352
0.000232
-0.000000
0.002195
0.000232
-0.000000
0.002195
0.000219
-0.000004
0.002022
0.000219
-0.000004
0.002022
0.000206
-0.000000
0.001856
0.000206
-0.000000
0.001856
0.000187
0.000003
0.001658
0.000187
0.000003
0.001658
0.000169
0.000000
0.001467
0.000169
0.000000
0.001467
0.000154
-0.000003
0.001311
0.000154
-0.000003
0.001311
0.000142
-0.000000
0.001190
0.000142
-0.000000
0.001190
0.000132
0.000002
0.001093
0.000132
0.000002
0.001093
0.000118
0.000000
0.000965
0.000118
0.000000
0.000965
0.000099
-0.000001
0.000800
0.000099
-0.000001
0.000800
0.000088
-0.000000
0.000704
0.000088
-0.000000
0.000704
0.000087
0.000001
0.000699
0.000087
0.000001
0.000699
0.000078
0.000000
0.000623
0.000078
0.000000
0.000623
0.000059
-0.000001
0.000467
0.000059
-0.000001
0.000467
0.000049
-0.000000
0.000390
0.000049
-0.000000
0.000390
0.000048
0.000000
0.000385
0.000048
0.000000
0.000385
0.000044
0.000000
0.000355
0.000044
0.000000
0.000355
0.000035
-0.000000
0.000286
0.000035
-0.000000
0.000286
0.000022
-0.000000
0.000176
0.000022
-0.000000
0.000176
0.000006
0.000000
0.000048
0.000006
0.000000
0.000048
0.000000
-0.000000
0.000001
0.000000
-0.000000
0.000001
0.000002
-0.000000
0.000021
0.000002
-0.000000
0.000021
-0.000005
-0.000000
-0.000046
-0.000005
-0.000000
-0.000046
-0.000022
-0.000000
-0.000186
-0.000022
-0.000000
-0.000186
-0.000025
-0.000000
-0.000211
-0.000025
-0.000000
-0.000211
-0.000016
0.000000
-0.000134
-0.000016
0.000000
-0.000134
-0.000012
-0.000000
-0.000101
-0.000012
-0.000000
-0.000101
-0.000014
-0.000000
-0.000116
-0.000014
-0.000000
-0.000116
-0.000008
-0.000000
-0.000066
-0.000008
-0.000000
-0.000066
0.000007
-0.000000
0.000061
0.000007
-0.000000
0.000061
0.000018
0.000000
0.000147
0.000018
0.000000
0.000147
0.000023
0.000001
0.000192
0.000023
0.000001
0.000192
0.000040
-0.000000
0.000338
0.000040
-0.000000
0.000338
0.000071
-0.000000
0.000565
0.000071
-0.000000
0.000565
0.000076
0.000003
0.000587
0.000076
0.000003
0.000587
0.000060
0.000006
0.000467
0.000060
0.000006
0.000467
0.000058
0.000006
0.000452
0.000058
0.000006
0.000452
0.000059
0.000006
0.000482
0.000059
0.000006
0.000482
0.000048
0.000005
0.000416
0.000048
0.000005
0.000416
0.000029
0.000003
0.000268
0.000029
0.000003
0.000268
0.000018
0.000002
0.000165
0.000018
0.000002
0.000165
0.000014
0.000001
0.000133
0.000014
0.000001
0.000133
0.000014
0.000001
0.000132
0.000014
0.000001
0.000132
0.000012
0.000001
0.000115
0.000012
0.000001
0.000115
0.000007
0.000001
0.000070
0.000007
0.000001
0.000070
0.000003
0.000000
0.000029
0.000003
0.000000
0.000029
0.000002
0.000000
0.000019
0.000002
0.000000
0.000019
0.000002
0.000000
0.000025
0.000002
0.000000
0.000025
0.000002
0.000000
0.000024
0.000002
0.000000
0.000024
0.000001
0.000000
0.000015
0.000001
0.000000
0.000015
0.000000
0.000000
0.000002
0.000000
0.000000
0.000002
0.000000
0.000000
0.000001
0.000000
0.000000
0.000001
0.000000
0.000000
0.000004
0.000000
0.000000
0.000004
-0.000000
-0.000000
-0.000001
-0.000000
-0.000000
-0.000001
