0.000429
-0.000001
-0.000057
0.000429
-0.000001
-0.000057
0.000931
-0.000001
-0.000027
0.000931
-0.000001
-0.000027
0.001420
-0.000002
0.000211
0.001420
-0.000002
0.000211
0.001651
-0.000004
0.000843
0.001651
-0.000004
0.000843
0.001403
-0.000008
0.001448
0.001403
-0.000008
0.001448
0.000977
-0.000012
0.001577
0.000977
-0.000012
0.001577
0.000665
-0.000016
0.001485
0.000665
-0.000016
0.001485
0.000493
-0.000017
0.001374
0.000493
-0.000017
0.001374
0.000384
-0.000013
0.001266
0.000384
-0.000013
0.001266
0.000291
-0.000007
0.001154
0.000291
-0.000007
0.001154
0.000224
-0.000003
0.001058
0.000224
-0.000003
0.001058
0.000175
0.000000
0.000976
0.000175
0.000000
0.000976
0.000137
0.000003
0.000902
0.000137
0.000003
0.000902
0.000117
0.000004
0.000849
0.000117
0.000004
0.000849
0.000101
0.000003
0.000788
0.000101
0.000003
0.000788
0.000077
0.000000
0.000708
0.000077
0.000000
0.000708
0.000058
-0.000002
0.000637
0.000058
-0.000002
0.000637
0.000042
-0.000003
0.000578
0.000042
-0.000003
0.000578
0.000029
-0.000005
0.000519
0.000029
-0.000005
0.000519
0.000017
-0.000006
0.000456
0.000017
-0.000006
0.000456
0.000007
-0.000007
0.000401
0.000007
-0.000007
0.000401
-0.000000
-0.000009
0.000359
-0.000000
-0.000009
0.000359
-0.000005
-0.000010
0.000311
-0.000005
-0.000010
0.000311
-0.000009
-0.000011
0.000272
-0.000009
-0.000011
0.000272
-0.000011
-0.000011
0.000219
-0.000011
-0.000011
0.000219
-0.000011
-0.000007
0.000123
-0.000011
-0.000007
0.000123
-0.000022
-0.000006
0.000128
-0.000022
-0.000006
0.000128
-0.000046
-0.000010
0.000247
-0.000046
-0.000010
0.000247
-0.000062
-0.000010
0.000322
-0.000062
-0.000010
0.000322
-0.000073
-0.000009
0.000364
-0.000073
-0.000009
0.000364
-0.000094
-0.000007
0.000448
-0.000094
-0.000007
0.000448
-0.000129
-0.000005
0.000580
-0.000129
-0.000005
0.000580
-0.000169
-0.000002
0.000722
-0.000169
-0.000002
0.000722
-0.000199
0.000001
0.000824
-0.000199
0.000001
0.000824
-0.000223
0.000007
0.000902
-0.000223
0.000007
0.000902
-0.000234
0.000011
0.000993
-0.000234
0.000011
0.000993
-0.000236
0.000007
0.001047
-0.000236
0.000007
0.001047
-0.000240
0.000000
0.001051
-0.000240
0.000000
0.001051
-0.000250
-0.000007
0.001078
-0.000250
-0.000007
0.001078
-0.000250
-0.000011
0.001133
-0.000250
-0.000011
0.001133
-0.000243
-0.000007
0.001156
-0.000243
-0.000007
0.001156
-0.000245
0.000001
0.001145
-0.000245
0.000001
0.001145
-0.000254
0.000010
0.001159
-0.000254
0.000010
0.001159
-0.000251
0.000014
0.001210
-0.000251
0.000014
0.001210
-0.000243
0.000010
0.001232
-0.000243
0.000010
0.001232
-0.000247
0.000000
0.001214
-0.000247
0.000000
0.001214
-0.000256
-0.000010
0.001223
-0.000256
-0.000010
0.001223
-0.000249
-0.000015
0.001266
-0.000249
-0.000015
0.001266
-0.000236
-0.000009
0.001276
-0.000236
-0.000009
0.001276
-0.000240
0.000002
0.001250
-0.000240
0.000002
0.001250
-0.000250
0.000013
0.001253
-0.000250
0.000013
0.001253
-0.000245
0.000019
0.001300
-0.000245
0.000019
0.001300
-0.000235
0.000014
0.001318
-0.000235
0.000014
0.001318
-0.000241
0.000002
0.001293
-0.000241
0.000002
0.001293
-0.000253
-0.000009
0.001298
-0.000253
-0.000009
0.001298
-0.000245
-0.000016
0.001339
-0.000245
-0.000016
0.001339
-0.000232
-0.000010
0.001349
-0.000232
-0.000010
0.001349
-0.000237
0.000001
0.001324
-0.000237
0.000001
0.001324
-0.000248
0.000012
0.001326
-0.000248
0.000012
0.001326
-0.000244
0.000018
0.001369
-0.000244
0.000018
0.001369
-0.000235
0.000014
0.001389
-0.000235
0.000014
0.001389
-0.000241
0.000004
0.001371
-0.000241
0.000004
0.001371
-0.000250
-0.000007
0.001377
-0.000250
-0.000007
0.001377
-0.000242
-0.000012
0.001411
-0.000242
-0.000012
0.001411
-0.000230
-0.000008
0.001423
-0.000230
-0.000008
0.001423
-0.000234
0.000001
0.001407
-0.000234
0.000001
0.001407
-0.000241
0.000009
0.001410
-0.000241
0.000009
0.001410
-0.000236
0.000014
0.001444
-0.000236
0.000014
0.001444
-0.000227
0.000011
0.001460
-0.000227
0.000011
0.001460
-0.000230
0.000003
0.001451
-0.000230
0.000003
0.001451
-0.000235
-0.000004
0.001457
-0.000235
-0.000004
0.001457
-0.000226
-0.000009
0.001481
-0.000226
-0.000009
0.001481
-0.000215
-0.000006
0.001490
-0.000215
-0.000006
0.001490
-0.000216
0.000001
0.001481
-0.000216
0.000001
0.001481
-0.000219
0.000007
0.001485
-0.000219
0.000007
0.001485
-0.000213
0.000010
0.001507
-0.000213
0.000010
0.001507
-0.000204
0.000008
0.001520
-0.000204
0.000008
0.001520
-0.000205
0.000003
0.001515
-0.000205
0.000003
0.001515
-0.000206
-0.000002
0.001521
-0.000206
-0.000002
0.001521
-0.000197
-0.000005
0.001537
-0.000197
-0.000005
0.001537
-0.000187
-0.000004
0.001542
-0.000187
-0.000004
0.001542
-0.000186
0.000001
0.001538
-0.000186
0.000001
0.001538
-0.000185
0.000004
0.001542
-0.000185
0.000004
0.001542
-0.000179
0.000006
0.001556
-0.000179
0.000006
0.001556
-0.000172
0.000005
0.001564
-0.000172
0.000005
0.001564
-0.000169
0.000002
0.001563
-0.000169
0.000002
0.001563
-0.000167
-0.000000
0.001567
-0.000167
-0.000000
0.001567
-0.000160
-0.000002
0.001576
-0.000160
-0.000002
0.001576
-0.000151
-0.000001
0.001579
-0.000151
-0.000001
0.001579
-0.000148
0.000000
0.001578
-0.000148
0.000000
0.001578
-0.000144
0.000002
0.001580
-0.000144
0.000002
0.001580
-0.000139
0.000003
0.001586
-0.000139
0.000003
0.001586
-0.000133
0.000003
0.001590
-0.000133
0.000003
0.001590
-0.000128
0.000002
0.001592
-0.000128
0.000002
0.001592
-0.000123
0.000002
0.001594
-0.000123
0.000002
0.001594
-0.000117
0.000001
0.001596
-0.000117
0.000001
0.001596
-0.000110
0.000001
0.001597
-0.000110
0.000001
0.001597
-0.000104
0.000000
0.001598
-0.000104
0.000000
0.001598
-0.000098
0.000000
0.001598
-0.000098
0.000000
0.001598
-0.000093
-0.000000
0.001597
-0.000093
-0.000000
0.001597
-0.000088
0.000000
0.001597
-0.000088
0.000000
0.001597
-0.000081
0.000001
0.001598
-0.000081
0.000001
0.001598
-0.000074
0.000001
0.001597
-0.000074
0.000001
0.001597
-0.000068
0.000001
0.001594
-0.000068
0.000001
0.001594
-0.000001
-0.000000
0.000000
-0.000001
-0.000000
0.000000
-0.000001
-0.000000
0.000000
-0.000001
-0.000000
0.000000
-0.000001
-0.000000
0.000000
-0.000001
-0.000000
0.000000
-0.000001
-0.000000
0.000000
-0.000001
-0.000000
0.000000
-0.000001
-0.000000
0.000000
-0.000001
-0.000000
0.000000
-0.000001
-0.000000
0.000000
-0.000001
-0.000000
0.000000
-0.000001
-0.000000
0.000000
-0.000001
-0.000000
0.000000
-0.000001
-0.000000
0.000000
-0.000001
-0.000000
0.000000
-0.000001
-0.000000
0.000000
-0.000001
-0.000000
0.000000
-0.000001
-0.000000
0.000000
-0.000001
-0.000000
0.000000
-0.000001
-0.000000
0.000000
-0.000001
-0.000000
0.000000
-0.000001
-0.000000
0.000000
-0.000001
-0.000000
0.000000
-0.000001
-0.000000
0.000000
-0.000001
-0.000000
0.000000
-0.000001
-0.000000
0.000000
-0.000001
-0.000000
0.000000
-0.000000
-0.000000
0.000000
-0.000000
-0.000000
0.000000
-0.000000
-0.000000
0.000000
-0.000000
-0.000000
0.000000
-0.000000
-0.000000
0.000000
-0.000000
-0.000000
0.000000
-0.000000
-0.000000
0.000000
-0.000000
-0.000000
0.000000
-0.000000
-0.000000
0.000000
-0.000000
-0.000000
0.000000
-0.000000
-0.000000
0.000000
-0.000000
-0.000000
0.000000
-0.000000
-0.000000
0.000000
-0.000000
-0.000000
0.000000
-0.000000
-0.000000
0.000000
-0.000000
-0.000000
0.000000
-0.000001
-0.000000
0.000000
-0.000001
-0.000000
0.000000
-0.000001
-0.000000
0.000000
-0.000001
-0.000000
0.000000
-0.000003
-0.000000
0.000000
-0.000003
-0.000000
0.000000
-0.000002
-0.000000
0.000000
-0.000002
-0.000000
0.000000
-0.000011
-0.000000
0.000000
-0.000011
-0.000000
0.000000
-0.000002
-0.000000
0.000000
-0.000002
-0.000000
0.000000
0.000067
0.000000
-0.000002
0.000067
0.000000
-0.000002
0.000058
-0.000000
-0.000009
0.000058
-0.000000
-0.000009
-0.001147
0.000012
0.003597
-0.001147
0.000012
0.003597
-0.001252
0.000009
0.004105
-0.001252
0.000009
0.004105
-0.001171
0.000000
0.004099
-0.001171
0.000000
0.004099
-0.001083
-0.000009
0.004060
-0.001083
-0.000009
0.004060
-0.001012
-0.000013
0.003980
-0.001012
-0.000013
0.003980
-0.000952
-0.000006
0.003930
-0.000952
-0.000006
0.003930
-0.000875
0.000005
0.003912
-0.000875
0.000005
0.003912
-0.000791
0.000017
0.003847
-0.000791
0.000017
0.003847
-0.000726
0.000022
0.003748
-0.000726
0.000022
0.003748
-0.000669
0.000016
0.003675
-0.000669
0.000016
0.003675
-0.000592
0.000004
0.003610
-0.000592
0.000004
0.003610
-0.000510
-0.000007
0.003495
-0.000510
-0.000007
0.003495
-0.000450
-0.000013
0.003326
-0.000450
-0.000013
0.003326
-0.000398
-0.000009
0.003179
-0.000398
-0.000009
0.003179
-0.000328
-0.000000
0.003055
-0.000328
-0.000000
0.003055
-0.000261
0.000006
0.002876
-0.000261
0.000006
0.002876
-0.000215
0.000006
0.002656
-0.000215
0.000006
0.002656
-0.000180
-0.000004
0.002452
-0.000180
-0.000004
0.002452
-0.000137
-0.000019
0.002275
-0.000137
-0.000019
0.002275
-0.000101
-0.000034
0.002038
-0.000101
-0.000034
0.002038
-0.000135
-0.000030
0.001727
-0.000135
-0.000030
0.001727
-0.000181
0.000003
0.001563
-0.000181
0.000003
0.001563
-0.000174
0.000049
0.001574
-0.000174
0.000049
0.001574
-0.000157
0.000091
0.001478
-0.000157
0.000091
0.001478
-0.000212
0.000102
0.001250
-0.000212
0.000102
0.001250
-0.000298
0.000083
0.001219
-0.000298
0.000083
0.001219
-0.000340
0.000061
0.001400
-0.000340
0.000061
0.001400
-0.000369
0.000034
0.001498
-0.000369
0.000034
0.001498
-0.000405
0.000013
0.001511
-0.000405
0.000013
0.001511
-0.000462
0.000007
0.001610
-0.000462
0.000007
0.001610
-0.000508
0.000009
0.001785
-0.000508
0.000009
0.001785
-0.000541
0.000009
0.001932
-0.000541
0.000009
0.001932
-0.000564
0.000009
0.002051
-0.000564
0.000009
0.002051
-0.000582
0.000006
0.002164
-0.000582
0.000006
0.002164
-0.000592
0.000002
0.002259
-0.000592
0.000002
0.002259
-0.000593
-0.000003
0.002330
-0.000593
-0.000003
0.002330
-0.000603
-0.000007
0.002373
-0.000603
-0.000007
0.002373
-0.000618
-0.000004
0.002437
-0.000618
-0.000004
0.002437
-0.000624
0.000002
0.002528
-0.000624
0.000002
0.002528
-0.000622
0.000008
0.002593
-0.000622
0.000008
0.002593
-0.000625
0.000010
0.002643
-0.000625
0.000010
0.002643
-0.000632
0.000008
0.002707
-0.000632
0.000008
0.002707
-0.000629
0.000004
0.002772
-0.000629
0.000004
0.002772
-0.000621
-0.000002
0.002816
-0.000621
-0.000002
0.002816
-0.000620
-0.000005
0.002840
-0.000620
-0.000005
0.002840
-0.000624
-0.000004
0.002884
-0.000624
-0.000004
0.002884
-0.000620
0.000000
0.002947
-0.000620
0.000000
0.002947
-0.000612
0.000003
0.002994
-0.000612
0.000003
0.002994
-0.000607
0.000005
0.003038
-0.000607
0.000005
0.003038
-0.000603
0.000005
0.003086
-0.000603
0.000005
0.003086
-0.000594
0.000003
0.003128
-0.000594
0.000003
0.003128
-0.000583
0.000001
0.003163
-0.000583
0.000001
0.003163
-0.000575
-0.000000
0.003192
-0.000575
-0.000000
0.003192
-0.000568
-0.000000
0.003227
-0.000568
-0.000000
0.003227
-0.000559
-0.000001
0.003266
-0.000559
-0.000001
0.003266
-0.000549
-0.000001
0.003304
-0.000549
-0.000001
0.003304
-0.000535
-0.000002
0.003351
-0.000535
-0.000002
0.003351
-0.000520
0.000000
0.003389
-0.000520
0.000000
0.003389
-0.000508
0.000003
0.003409
-0.000508
0.000003
0.003409
-0.000497
0.000006
0.003437
-0.000497
0.000006
0.003437
-0.000480
0.000006
0.003475
-0.000480
0.000006
0.003475
-0.000462
0.000004
0.003502
-0.000462
0.000004
0.003502
-0.000450
-0.000001
0.003518
-0.000450
-0.000001
0.003518
-0.000439
-0.000006
0.003549
-0.000439
-0.000006
0.003549
-0.000417
-0.000009
0.003600
-0.000417
-0.000009
0.003600
-0.000392
-0.000005
0.003630
-0.000392
-0.000005
0.003630
-0.000378
0.000001
0.003632
-0.000378
0.000001
0.003632
-0.000367
0.000009
0.003659
-0.000367
0.000009
0.003659
-0.000332
0.000010
0.003712
-0.000332
0.000010
0.003712
-0.000294
-0.000001
0.003728
-0.000294
-0.000001
0.003728
-0.000278
-0.000019
0.003701
-0.000278
-0.000019
0.003701
-0.000263
-0.000039
0.003710
-0.000263
-0.000039
0.003710
-0.000208
-0.000052
0.003752
-0.000208
-0.000052
0.003752
-0.000149
-0.000046
0.003720
-0.000149
-0.000046
0.003720
-0.000135
-0.000032
0.003622
-0.000135
-0.000032
0.003622
-0.001027
0.000009
0.003094
-0.001027
0.000009
0.003094
-0.001079
0.000006
0.003105
-0.001079
0.000006
0.003105
-0.001128
0.000003
0.003105
-0.001128
0.000003
0.003105
-0.001175
-0.000001
0.003094
-0.001175
-0.000001
0.003094
-0.001218
-0.000003
0.003091
-0.001218
-0.000003
0.003091
-0.001267
-0.000002
0.003095
-0.001267
-0.000002
0.003095
-0.001321
-0.000000
0.003088
-0.001321
-0.000000
0.003088
-0.001373
0.000001
0.003072
-0.001373
0.000001
0.003072
-0.001425
0.000003
0.003048
-0.001425
0.000003
0.003048
-0.001470
0.000003
0.003013
-0.001470
0.000003
0.003013
-0.001517
0.000003
0.002976
-0.001517
0.000003
0.002976
-0.001573
0.000002
0.002942
-0.001573
0.000002
0.002942
-0.001628
0.000002
0.002898
-0.001628
0.000002
0.002898
-0.001682
0.000002
0.002845
-0.001682
0.000002
0.002845
-0.001736
0.000002
0.002786
-0.001736
0.000002
0.002786
-0.001790
0.000003
0.002718
-0.001790
0.000003
0.002718
-0.001843
0.000004
0.002634
-0.001843
0.000004
0.002634
-0.001890
0.000004
0.002532
-0.001890
0.000004
0.002532
-0.001929
0.000005
0.002410
-0.001929
0.000005
0.002410
-0.001942
0.000005
0.002250
-0.001942
0.000005
0.002250
-0.001937
0.000005
0.002063
-0.001937
0.000005
0.002063
-0.001921
0.000004
0.001861
-0.001921
0.000004
0.001861
-0.001862
0.000004
0.001621
-0.001862
0.000004
0.001621
-0.001745
0.000004
0.001341
-0.001745
0.000004
0.001341
-0.001544
0.000003
0.001024
-0.001544
0.000003
0.001024
-0.001237
0.000003
0.000687
-0.001237
0.000003
0.000687
-0.000783
0.000002
0.000352
-0.000783
0.000002
0.000352
-0.000170
0.000000
0.000073
-0.000170
0.000000
0.000073
0.000006
-0.000000
-0.000001
0.000006
-0.000000
-0.000001
0.000008
0.000000
-0.000000
0.000008
0.000000
-0.000000
-0.000000
-0.000000
0.000000
-0.000000
-0.000000
0.000000
-0.000001
-0.000000
0.000000
-0.000001
-0.000000
0.000000
0.000000
0.000000
-0.000000
0.000000
0.000000
-0.000000
-0.000000
-0.000000
0.000000
-0.000000
-0.000000
0.000000
0.000000
0.000000
-0.000000
0.000000
0.000000
-0.000000
0.000000
0.000000
-0.000000
0.000000
0.000000
-0.000000
0.000000
0.000000
-0.000000
0.000000
0.000000
-0.000000
0.000001
0.000000
-0.000000
0.000001
0.000000
-0.000000
0.000001
0.000000
-0.000000
0.000001
0.000000
-0.000000
0.000001
0.000000
-0.000000
0.000001
0.000000
-0.000000
0.000001
0.000000
-0.000000
0.000001
0.000000
-0.000000
0.000001
0.000000
-0.000000
0.000001
0.000000
-0.000000
0.000001
0.000000
-0.000000
0.000001
0.000000
-0.000000
0.000001
0.000000
-0.000000
0.000001
0.000000
-0.000000
0.000001
0.000000
-0.000000
0.000001
0.000000
-0.000000
0.000000
0.000000
-0.000000
0.000000
0.000000
-0.000000
0.000000
0.000000
-0.000000
0.000000
0.000000
-0.000000
0.000000
0.000000
-0.000000
0.000000
0.000000
-0.000000
0.000000
0.000000
-0.000000
0.000000
0.000000
-0.000000
-0.000000
-0.000000
0.000000
-0.000000
-0.000000
0.000000
-0.000000
-0.000000
0.000000
-0.000000
-0.000000
0.000000
-0.000000
-0.000000
0.000000
-0.000000
-0.000000
0.000000
-0.000000
-0.000000
0.000000
-0.000000
-0.000000
0.000000
-0.000000
-0.000000
0.000000
-0.000000
-0.000000
0.000000
-0.000001
-0.000000
0.000000
-0.000001
-0.000000
0.000000
-0.000001
-0.000000
0.000000
-0.000001
-0.000000
0.000000
-0.000001
-0.000000
0.000000
-0.000001
-0.000000
0.000000
-0.000069
-0.000001
0.001754
-0.000069
-0.000001
0.001754
-0.000071
-0.000005
0.002103
-0.000071
-0.000005
0.002103
-0.000081
-0.000008
0.002490
-0.000081
-0.000008
0.002490
-0.000080
-0.000002
0.002702
-0.000080
-0.000002
0.002702
-0.000055
0.000009
0.002714
-0.000055
0.000009
0.002714
-0.000044
0.000014
0.002700
-0.000044
0.000014
0.002700
-0.000031
0.000007
0.002694
-0.000031
0.000007
0.002694
-0.000002
-0.000006
0.002700
-0.000002
-0.000006
0.002700
0.000004
-0.000013
0.002668
0.000004
-0.000013
0.002668
0.000012
-0.000003
0.002653
0.000012
-0.000003
0.002653
0.000045
0.000015
0.002663
0.000045
0.000015
0.002663
0.000052
0.000023
0.002633
0.000052
0.000023
0.002633
0.000061
0.000012
0.002618
0.000061
0.000012
0.002618
0.000096
-0.000008
0.002623
0.000096
-0.000008
0.002623
0.000097
-0.000018
0.002571
0.000097
-0.000018
0.002571
0.000099
-0.000006
0.002546
0.000099
-0.000006
0.002546
0.000136
0.000017
0.002557
0.000136
0.000017
0.002557
0.000139
0.000028
0.002513
0.000139
0.000028
0.002513
0.000143
0.000015
0.002490
0.000143
0.000015
0.002490
0.000180
-0.000010
0.002493
0.000180
-0.000010
0.002493
0.000176
-0.000021
0.002426
0.000176
-0.000021
0.002426
0.000173
-0.000008
0.002391
0.000173
-0.000008
0.002391
0.000211
0.000018
0.002403
0.000211
0.000018
0.002403
0.000209
0.000030
0.002345
0.000209
0.000030
0.002345
0.000209
0.000016
0.002312
0.000209
0.000016
0.002312
0.000247
-0.000010
0.002312
0.000247
-0.000010
0.002312
0.000236
-0.000022
0.002231
0.000236
-0.000022
0.002231
0.000229
-0.000008
0.002186
0.000229
-0.000008
0.002186
0.000266
0.000018
0.002194
0.000266
0.000018
0.002194
0.000258
0.000030
0.002118
0.000258
0.000030
0.002118
0.000253
0.000016
0.002072
0.000253
0.000016
0.002072
0.000288
-0.000010
0.002067
0.000288
-0.000010
0.002067
0.000269
-0.000022
0.001963
0.000269
-0.000022
0.001963
0.000256
-0.000007
0.001905
0.000256
-0.000007
0.001905
0.000290
0.000018
0.001909
0.000290
0.000018
0.001909
0.000274
0.000029
0.001808
0.000274
0.000029
0.001808
0.000263
0.000015
0.001744
0.000263
0.000015
0.001744
0.000292
-0.000010
0.001731
0.000292
-0.000010
0.001731
0.000263
-0.000021
0.001596
0.000263
-0.000021
0.001596
0.000243
-0.000006
0.001521
0.000243
-0.000006
0.001521
0.000272
0.000019
0.001522
0.000272
0.000019
0.001522
0.000244
0.000028
0.001378
0.000244
0.000028
0.001378
0.000223
0.000014
0.001288
0.000223
0.000014
0.001288
0.000244
-0.000009
0.001265
0.000244
-0.000009
0.001265
0.000199
-0.000017
0.001061
0.000199
-0.000017
0.001061
0.000167
-0.000004
0.000948
0.000167
-0.000004
0.000948
0.000187
0.000017
0.000943
0.000187
0.000017
0.000943
0.000138
0.000020
0.000702
0.000138
0.000020
0.000702
0.000100
0.000009
0.000538
0.000100
0.000009
0.000538
0.000093
-0.000002
0.000449
0.000093
-0.000002
0.000449
0.000016
-0.000002
0.000012
0.000016
-0.000002
0.000012
-0.000025
0.000001
-0.000175
-0.000025
0.000001
-0.000175
-0.000031
-0.000017
-0.000179
-0.000031
-0.000017
-0.000179
-0.000041
-0.000076
-0.000684
-0.000041
-0.000076
-0.000684
-0.000023
-0.000079
-0.000782
-0.000023
-0.000079
-0.000782
-0.000011
-0.000022
-0.000296
-0.000011
-0.000022
-0.000296
-0.000004
-0.000007
-0.000130
-0.000004
-0.000007
-0.000130
-0.000003
-0.000006
-0.000138
-0.000003
-0.000006
-0.000138
-0.000002
-0.000004
-0.000083
-0.000002
-0.000004
-0.000083
-0.000001
-0.000003
-0.000057
-0.000001
-0.000003
-0.000057
-0.000001
-0.000002
-0.000043
-0.000001
-0.000002
-0.000043
-0.000000
-0.000001
-0.000033
-0.000000
-0.000001
-0.000033
-0.000000
-0.000001
-0.000025
-0.000000
-0.000001
-0.000025
-0.000000
-0.000001
-0.000020
-0.000000
-0.000001
-0.000020
-0.000000
-0.000001
-0.000016
-0.000000
-0.000001
-0.000016
-0.000000
-0.000001
-0.000013
-0.000000
-0.000001
-0.000013
0.000000
-0.000000
-0.000011
0.000000
-0.000000
-0.000011
0.000000
-0.000000
-0.000009
0.000000
-0.000000
-0.000009
0.000000
-0.000000
-0.000008
0.000000
-0.000000
-0.000008
0.000000
-0.000000
-0.000004
0.000000
-0.000000
-0.000004
0.000000
-0.000000
-0.000007
0.000000
-0.000000
-0.000007
-0.000000
0.000000
0.000007
-0.000000
0.000000
0.000007
-0.000000
0.000000
0.000008
-0.000000
0.000000
0.000008
-0.000138
-0.000024
0.003917
-0.000138
-0.000024
0.003917
-0.000150
-0.000021
0.004675
-0.000150
-0.000021
0.004675
-0.000164
-0.000026
0.005561
-0.000164
-0.000026
0.005561
-0.000177
-0.000041
0.006229
-0.000177
-0.000041
0.006229
-0.000120
-0.000043
0.006467
-0.000120
-0.000043
0.006467
-0.000053
-0.000006
0.006518
-0.000053
-0.000006
0.006518
0.000025
0.000025
0.006526
0.000025
0.000025
0.006526
0.000103
-0.000001
0.006516
0.000103
-0.000001
0.006516
0.000183
-0.000027
0.006478
0.000183
-0.000027
0.006478
0.000259
0.000003
0.006422
0.000259
0.000003
0.006422
0.000329
0.000031
0.006350
0.000329
0.000031
0.006350
0.000396
0.000001
0.006275
0.000396
0.000001
0.006275
0.000468
-0.000028
0.006190
0.000468
-0.000028
0.006190
0.000534
0.000004
0.006085
0.000534
0.000004
0.006085
0.000590
0.000034
0.005963
0.000590
0.000034
0.005963
0.000643
0.000002
0.005840
0.000643
0.000002
0.005840
0.000698
-0.000029
0.005712
0.000698
-0.000029
0.005712
0.000747
0.000003
0.005566
0.000747
0.000003
0.005566
0.000782
0.000034
0.005406
0.000782
0.000034
0.005406
0.000814
0.000003
0.005246
0.000814
0.000003
0.005246
0.000847
-0.000027
0.005086
0.000847
-0.000027
0.005086
0.000874
0.000003
0.004913
0.000874
0.000003
0.004913
0.000886
0.000032
0.004728
0.000886
0.000032
0.004728
0.000895
0.000003
0.004546
0.000895
0.000003
0.004546
0.000905
-0.000024
0.004369
0.000905
-0.000024
0.004369
0.000910
0.000003
0.004183
0.000910
0.000003
0.004183
0.000899
0.000028
0.003986
0.000899
0.000028
0.003986
0.000887
0.000003
0.003797
0.000887
0.000003
0.003797
0.000878
-0.000020
0.003618
0.000878
-0.000020
0.003618
0.000864
0.000003
0.003434
0.000864
0.000003
0.003434
0.000836
0.000024
0.003241
0.000836
0.000024
0.003241
0.000810
0.000003
0.003057
0.000810
0.000003
0.003057
0.000786
-0.000016
0.002888
0.000786
-0.000016
0.002888
0.000760
0.000002
0.002716
0.000760
0.000002
0.002716
0.000722
0.000020
0.002538
0.000722
0.000020
0.002538
0.000687
0.000003
0.002371
0.000687
0.000003
0.002371
0.000657
-0.000013
0.002220
0.000657
-0.000013
0.002220
0.000626
0.000002
0.002069
0.000626
0.000002
0.002069
0.000584
0.000016
0.001911
0.000584
0.000016
0.001911
0.000546
0.000002
0.001765
0.000546
0.000002
0.001765
0.000514
-0.000010
0.001636
0.000514
-0.000010
0.001636
0.000482
0.000003
0.001508
0.000482
0.000003
0.001508
0.000441
0.000014
0.001372
0.000441
0.000014
0.001372
0.000404
0.000002
0.001247
0.000404
0.000002
0.001247
0.000374
-0.000008
0.001142
0.000374
-0.000008
0.001142
0.000345
0.000002
0.001037
0.000345
0.000002
0.001037
0.000307
0.000011
0.000923
0.000307
0.000011
0.000923
0.000274
0.000002
0.000820
0.000274
0.000002
0.000820
0.000250
-0.000006
0.000738
0.000250
-0.000006
0.000738
0.000226
0.000003
0.000654
0.000226
0.000003
0.000654
0.000190
0.000010
0.000555
0.000190
0.000010
0.000555
0.000160
0.000002
0.000471
0.000160
0.000002
0.000471
0.000152
-0.000002
0.000424
0.000152
-0.000002
0.000424
0.000138
0.000008
0.000365
0.000138
0.000008
0.000365
0.000105
0.000017
0.000291
0.000105
0.000017
0.000291
0.000076
0.000015
0.000214
0.000076
0.000015
0.000214
0.000043
0.000010
0.000136
0.000043
0.000010
0.000136
0.000023
0.000006
0.000084
0.000023
0.000006
0.000084
0.000012
0.000004
0.000055
0.000012
0.000004
0.000055
0.000008
0.000002
0.000038
0.000008
0.000002
0.000038
0.000005
0.000001
0.000026
0.000005
0.000001
0.000026
0.000003
0.000001
0.000017
0.000003
0.000001
0.000017
0.000002
0.000001
0.000011
0.000002
0.000001
0.000011
0.000001
0.000000
0.000006
0.000001
0.000000
0.000006
0.000001
0.000000
0.000004
0.000001
0.000000
0.000004
0.000000
0.000000
0.000002
0.000000
0.000000
0.000002
0.000000
0.000000
0.000001
0.000000
0.000000
0.000001
0.000000
0.000000
0.000000
0.000000
0.000000
0.000000
-0.000000
-0.000000
-0.000000
-0.000000
-0.000000
-0.000000
-0.000000
-0.000000
-0.000001
-0.000000
-0.000000
-0.000001
-0.000000
-0.000000
-0.000000
-0.000000
-0.000000
-0.000000
-0.000000
-0.000000
-0.000002
-0.000000
-0.000000
-0.000002
-0.000001
-0.000000
-0.000004
-0.000001
-0.000000
-0.000004
