0.000457
-0.000001
-0.000063
0.000457
-0.000001
-0.000063
0.000952
-0.000001
-0.000028
0.000952
-0.000001
-0.000028
0.001433
-0.000002
0.000212
0.001433
-0.000002
0.000212
0.001652
-0.000004
0.000842
0.001652
-0.000004
0.000842
0.001395
-0.000008
0.001440
0.001395
-0.000008
0.001440
0.000967
-0.000011
0.001561
0.000967
-0.000011
0.001561
0.000656
-0.000015
0.001464
0.000656
-0.000015
0.001464
0.000484
-0.000015
0.001350
0.000484
-0.000015
0.001350
0.000375
-0.000012
0.001241
0.000375
-0.000012
0.001241
0.000284
-0.000007
0.001128
0.000284
-0.000007
0.001128
0.000218
-0.000003
0.001032
0.000218
-0.000003
0.001032
0.000170
0.000000
0.000951
0.000170
0.000000
0.000951
0.000133
0.000003
0.000877
0.000133
0.000003
0.000877
0.000114
0.000004
0.000823
0.000114
0.000004
0.000823
0.000097
0.000002
0.000763
0.000097
0.000002
0.000763
0.000074
0.000000
0.000683
0.000074
0.000000
0.000683
0.000055
-0.000002
0.000614
0.000055
-0.000002
0.000614
0.000040
-0.000003
0.000555
0.000040
-0.000003
0.000555
0.000028
-0.000004
0.000498
0.000028
-0.000004
0.000498
0.000016
-0.000005
0.000436
0.000016
-0.000005
0.000436
0.000006
-0.000007
0.000381
0.000006
-0.000007
0.000381
-0.000000
-0.000008
0.000341
-0.000000
-0.000008
0.000341
-0.000005
-0.000009
0.000296
-0.000005
-0.000009
0.000296
-0.000009
-0.000010
0.000258
-0.000009
-0.000010
0.000258
-0.000010
-0.000010
0.000204
-0.000010
-0.000010
0.000204
-0.000010
-0.000006
0.000110
-0.000010
-0.000006
0.000110
-0.000021
-0.000006
0.000118
-0.000021
-0.000006
0.000118
-0.000044
-0.000009
0.000238
-0.000044
-0.000009
0.000238
-0.000060
-0.000010
0.000314
-0.000060
-0.000010
0.000314
-0.000072
-0.000008
0.000357
-0.000072
-0.000008
0.000357
-0.000092
-0.000007
0.000442
-0.000092
-0.000007
0.000442
-0.000127
-0.000005
0.000574
-0.000127
-0.000005
0.000574
-0.000167
-0.000002
0.000714
-0.000167
-0.000002
0.000714
-0.000196
0.000001
0.000817
-0.000196
0.000001
0.000817
-0.000221
0.000007
0.000899
-0.000221
0.000007
0.000899
-0.000233
0.000010
0.000990
-0.000233
0.000010
0.000990
-0.000235
0.000007
0.001044
-0.000235
0.000007
0.001044
-0.000240
0.000000
0.001048
-0.000240
0.000000
0.001048
-0.000250
-0.000007
0.001076
-0.000250
-0.000007
0.001076
-0.000250
-0.000010
0.001130
-0.000250
-0.000010
0.001130
-0.000243
-0.000006
0.001153
-0.000243
-0.000006
0.001153
-0.000246
0.000001
0.001142
-0.000246
0.000001
0.001142
-0.000253
0.000009
0.001153
-0.000253
0.000009
0.001153
-0.000251
0.000014
0.001202
-0.000251
0.000014
0.001202
-0.000244
0.000009
0.001225
-0.000244
0.000009
0.001225
-0.000247
0.000000
0.001205
-0.000247
0.000000
0.001205
-0.000255
-0.000009
0.001211
-0.000255
-0.000009
0.001211
-0.000248
-0.000014
0.001251
-0.000248
-0.000014
0.001251
-0.000236
-0.000009
0.001261
-0.000236
-0.000009
0.001261
-0.000239
0.000002
0.001233
-0.000239
0.000002
0.001233
-0.000248
0.000012
0.001233
-0.000248
0.000012
0.001233
-0.000243
0.000018
0.001277
-0.000243
0.000018
0.001277
-0.000234
0.000013
0.001295
-0.000234
0.000013
0.001295
-0.000239
0.000002
0.001269
-0.000239
0.000002
0.001269
-0.000250
-0.000009
0.001271
-0.000250
-0.000009
0.001271
-0.000243
-0.000015
0.001309
-0.000243
-0.000015
0.001309
-0.000230
-0.000010
0.001318
-0.000230
-0.000010
0.001318
-0.000235
0.000001
0.001292
-0.000235
0.000001
0.001292
-0.000245
0.000012
0.001293
-0.000245
0.000012
0.001293
-0.000241
0.000017
0.001335
-0.000241
0.000017
0.001335
-0.000232
0.000013
0.001353
-0.000232
0.000013
0.001353
-0.000238
0.000003
0.001335
-0.000238
0.000003
0.001335
-0.000247
-0.000006
0.001342
-0.000247
-0.000006
0.001342
-0.000240
-0.000012
0.001375
-0.000240
-0.000012
0.001375
-0.000228
-0.000008
0.001384
-0.000228
-0.000008
0.001384
-0.000232
0.000001
0.001369
-0.000232
0.000001
0.001369
-0.000239
0.000009
0.001374
-0.000239
0.000009
0.001374
-0.000234
0.000013
0.001406
-0.000234
0.000013
0.001406
-0.000225
0.000010
0.001422
-0.000225
0.000010
0.001422
-0.000228
0.000003
0.001412
-0.000228
0.000003
0.001412
-0.000233
-0.000004
0.001419
-0.000233
-0.000004
0.001419
-0.000225
-0.000008
0.001442
-0.000225
-0.000008
0.001442
-0.000214
-0.000006
0.001450
-0.000214
-0.000006
0.001450
-0.000215
0.000001
0.001441
-0.000215
0.000001
0.001441
-0.000218
0.000006
0.001444
-0.000218
0.000006
0.001444
-0.000212
0.000010
0.001466
-0.000212
0.000010
0.001466
-0.000204
0.000007
0.001478
-0.000204
0.000007
0.001478
-0.000204
0.000003
0.001472
-0.000204
0.000003
0.001472
-0.000205
-0.000002
0.001476
-0.000205
-0.000002
0.001476
-0.000197
-0.000005
0.001491
-0.000197
-0.000005
0.001491
-0.000187
-0.000003
0.001496
-0.000187
-0.000003
0.001496
-0.000186
0.000001
0.001490
-0.000186
0.000001
0.001490
-0.000185
0.000004
0.001492
-0.000185
0.000004
0.001492
-0.000179
0.000006
0.001505
-0.000179
0.000006
0.001505
-0.000172
0.000005
0.001512
-0.000172
0.000005
0.001512
-0.000169
0.000002
0.001510
-0.000169
0.000002
0.001510
-0.000168
-0.000001
0.001512
-0.000168
-0.000001
0.001512
-0.000160
-0.000002
0.001520
-0.000160
-0.000002
0.001520
-0.000151
-0.000002
0.001523
-0.000151
-0.000002
0.001523
-0.000148
0.000000
0.001521
-0.000148
0.000000
0.001521
-0.000145
0.000002
0.001522
-0.000145
0.000002
0.001522
-0.000139
0.000003
0.001528
-0.000139
0.000003
0.001528
-0.000133
0.000003
0.001531
-0.000133
0.000003
0.001531
-0.000129
0.000002
0.001531
-0.000129
0.000002
0.001531
-0.000124
0.000001
0.001534
-0.000124
0.000001
0.001534
-0.000118
0.000000
0.001537
-0.000118
0.000000
0.001537
-0.000111
0.000000
0.001537
-0.000111
0.000000
0.001537
-0.000106
0.000000
0.001538
-0.000106
0.000000
0.001538
-0.000100
0.000000
0.001539
-0.000100
0.000000
0.001539
-0.000095
0.000000
0.001539
-0.000095
0.000000
0.001539
-0.000089
0.000000
0.001539
-0.000089
0.000000
0.001539
-0.000083
0.000000
0.001539
-0.000083
0.000000
0.001539
-0.000076
0.000000
0.001539
-0.000076
0.000000
0.001539
-0.000071
-0.000000
0.001538
-0.000071
-0.000000
0.001538
-0.000003
-0.000000
0.000000
-0.000003
-0.000000
0.000000
-0.000003
-0.000000
0.000000
-0.000003
-0.000000
0.000000
-0.000003
-0.000000
0.000000
-0.000003
-0.000000
0.000000
-0.000003
-0.000000
0.000000
-0.000003
-0.000000
0.000000
-0.000003
-0.000000
0.000000
-0.000003
-0.000000
0.000000
-0.000003
-0.000000
0.000000
-0.000003
-0.000000
0.000000
-0.000003
-0.000000
0.000000
-0.000003
-0.000000
0.000000
-0.000003
-0.000000
0.000000
-0.000003
-0.000000
0.000000
-0.000003
-0.000000
0.000000
-0.000003
-0.000000
0.000000
-0.000003
-0.000000
0.000000
-0.000003
-0.000000
0.000000
-0.000003
-0.000000
0.000000
-0.000003
-0.000000
0.000000
-0.000002
-0.000000
0.000000
-0.000002
-0.000000
0.000000
-0.000002
-0.000000
0.000000
-0.000002
-0.000000
0.000000
-0.000002
-0.000000
0.000000
-0.000002
-0.000000
0.000000
-0.000002
-0.000000
0.000000
-0.000002
-0.000000
0.000000
-0.000002
-0.000000
0.000000
-0.000002
-0.000000
0.000000
-0.000002
-0.000000
0.000000
-0.000002
-0.000000
0.000000
-0.000002
-0.000000
0.000000
-0.000002
-0.000000
0.000000
-0.000002
-0.000000
0.000000
-0.000002
-0.000000
0.000000
-0.000002
-0.000000
0.000000
-0.000002
-0.000000
0.000000
-0.000002
-0.000000
0.000000
-0.000002
-0.000000
0.000000
-0.000002
-0.000000
0.000000
-0.000002
-0.000000
0.000000
-0.000003
-0.000000
0.000000
-0.000003
-0.000000
0.000000
-0.000003
-0.000000
0.000000
-0.000003
-0.000000
0.000000
-0.000005
-0.000000
0.000000
-0.000005
-0.000000
0.000000
-0.000003
-0.000000
0.000000
-0.000003
-0.000000
0.000000
-0.000012
-0.000000
0.000000
-0.000012
-0.000000
0.000000
-0.000004
-0.000000
0.000000
-0.000004
-0.000000
0.000000
0.000065
0.000000
-0.000002
0.000065
0.000000
-0.000002
0.000056
-0.000000
-0.000008
0.000056
-0.000000
-0.000008
-0.001143
0.000011
0.003588
-0.001143
0.000011
0.003588
-0.001248
0.000008
0.004096
-0.001248
0.000008
0.004096
-0.001168
0.000000
0.004090
-0.001168
0.000000
0.004090
-0.001081
-0.000008
0.004053
-0.001081
-0.000008
0.004053
-0.001011
-0.000012
0.003976
-0.001011
-0.000012
0.003976
-0.000951
-0.000006
0.003930
-0.000951
-0.000006
0.003930
-0.000875
0.000005
0.003912
-0.000875
0.000005
0.003912
-0.000792
0.000016
0.003848
-0.000792
0.000016
0.003848
-0.000728
0.000021
0.003754
-0.000728
0.000021
0.003754
-0.000671
0.000015
0.003684
-0.000671
0.000015
0.003684
-0.000595
0.000004
0.003621
-0.000595
0.000004
0.003621
-0.000514
-0.000007
0.003507
-0.000514
-0.000007
0.003507
-0.000453
-0.000013
0.003343
-0.000453
-0.000013
0.003343
-0.000401
-0.000008
0.003200
-0.000401
-0.000008
0.003200
-0.000332
-0.000000
0.003077
-0.000332
-0.000000
0.003077
-0.000265
0.000006
0.002901
-0.000265
0.000006
0.002901
-0.000219
0.000006
0.002685
-0.000219
0.000006
0.002685
-0.000183
-0.000004
0.002484
-0.000183
-0.000004
0.002484
-0.000140
-0.000019
0.002308
-0.000140
-0.000019
0.002308
-0.000104
-0.000034
0.002071
-0.000104
-0.000034
0.002071
-0.000138
-0.000030
0.001761
-0.000138
-0.000030
0.001761
-0.000184
0.000003
0.001597
-0.000184
0.000003
0.001597
-0.000176
0.000050
0.001608
-0.000176
0.000050
0.001608
-0.000160
0.000092
0.001512
-0.000160
0.000092
0.001512
-0.000216
0.000103
0.001284
-0.000216
0.000103
0.001284
-0.000303
0.000085
0.001254
-0.000303
0.000085
0.001254
-0.000345
0.000062
0.001439
-0.000345
0.000062
0.001439
-0.000374
0.000035
0.001538
-0.000374
0.000035
0.001538
-0.000411
0.000013
0.001552
-0.000411
0.000013
0.001552
-0.000467
0.000007
0.001649
-0.000467
0.000007
0.001649
-0.000512
0.000009
0.001825
-0.000512
0.000009
0.001825
-0.000544
0.000009
0.001971
-0.000544
0.000009
0.001971
-0.000567
0.000009
0.002090
-0.000567
0.000009
0.002090
-0.000583
0.000006
0.002200
-0.000583
0.000006
0.002200
-0.000592
0.000002
0.002293
-0.000592
0.000002
0.002293
-0.000593
-0.000003
0.002364
-0.000593
-0.000003
0.002364
-0.000603
-0.000007
0.002406
-0.000603
-0.000007
0.002406
-0.000617
-0.000004
0.002468
-0.000617
-0.000004
0.002468
-0.000621
0.000002
0.002558
-0.000621
0.000002
0.002558
-0.000619
0.000008
0.002622
-0.000619
0.000008
0.002622
-0.000622
0.000010
0.002671
-0.000622
0.000010
0.002671
-0.000627
0.000008
0.002732
-0.000627
0.000008
0.002732
-0.000623
0.000003
0.002795
-0.000623
0.000003
0.002795
-0.000615
-0.000002
0.002839
-0.000615
-0.000002
0.002839
-0.000614
-0.000005
0.002862
-0.000614
-0.000005
0.002862
-0.000617
-0.000004
0.002904
-0.000617
-0.000004
0.002904
-0.000612
0.000000
0.002965
-0.000612
0.000000
0.002965
-0.000604
0.000004
0.003011
-0.000604
0.000004
0.003011
-0.000599
0.000006
0.003053
-0.000599
0.000006
0.003053
-0.000594
0.000005
0.003101
-0.000594
0.000005
0.003101
-0.000585
0.000003
0.003142
-0.000585
0.000003
0.003142
-0.000573
0.000001
0.003175
-0.000573
0.000001
0.003175
-0.000565
-0.000001
0.003202
-0.000565
-0.000001
0.003202
-0.000559
-0.000001
0.003236
-0.000559
-0.000001
0.003236
-0.000548
-0.000001
0.003274
-0.000548
-0.000001
0.003274
-0.000538
-0.000001
0.003310
-0.000538
-0.000001
0.003310
-0.000524
-0.000001
0.003354
-0.000524
-0.000001
0.003354
-0.000510
0.000001
0.003391
-0.000510
0.000001
0.003391
-0.000497
0.000003
0.003411
-0.000497
0.000003
0.003411
-0.000485
0.000005
0.003437
-0.000485
0.000005
0.003437
-0.000469
0.000006
0.003471
-0.000469
0.000006
0.003471
-0.000452
0.000003
0.003497
-0.000452
0.000003
0.003497
-0.000439
-0.000001
0.003513
-0.000439
-0.000001
0.003513
-0.000428
-0.000006
0.003540
-0.000428
-0.000006
0.003540
-0.000406
-0.000008
0.003587
-0.000406
-0.000008
0.003587
-0.000383
-0.000005
0.003617
-0.000383
-0.000005
0.003617
-0.000369
0.000001
0.003620
-0.000369
0.000001
0.003620
-0.000356
0.000007
0.003644
-0.000356
0.000007
0.003644
-0.000323
0.000008
0.003692
-0.000323
0.000008
0.003692
-0.000287
-0.000002
0.003707
-0.000287
-0.000002
0.003707
-0.000270
-0.000019
0.003681
-0.000270
-0.000019
0.003681
-0.000255
-0.000037
0.003688
-0.000255
-0.000037
0.003688
-0.000201
-0.000050
0.003724
-0.000201
-0.000050
0.003724
-0.000145
-0.000044
0.003693
-0.000145
-0.000044
0.003693
-0.000131
-0.000032
0.003598
-0.000131
-0.000032
0.003598
-0.001024
0.000009
0.003084
-0.001024
0.000009
0.003084
-0.001074
0.000006
0.003094
-0.001074
0.000006
0.003094
-0.001123
0.000003
0.003094
-0.001123
0.000003
0.003094
-0.001169
-0.000000
0.003083
-0.001169
-0.000000
0.003083
-0.001213
-0.000002
0.003078
-0.001213
-0.000002
0.003078
-0.001261
-0.000001
0.003080
-0.001261
-0.000001
0.003080
-0.001313
-0.000000
0.003072
-0.001313
-0.000000
0.003072
-0.001365
0.000001
0.003055
-0.001365
0.000001
0.003055
-0.001416
0.000002
0.003032
-0.001416
0.000002
0.003032
-0.001461
0.000003
0.002996
-0.001461
0.000003
0.002996
-0.001508
0.000003
0.002957
-0.001508
0.000003
0.002957
-0.001562
0.000002
0.002922
-0.001562
0.000002
0.002922
-0.001616
0.000002
0.002878
-0.001616
0.000002
0.002878
-0.001669
0.000002
0.002825
-0.001669
0.000002
0.002825
-0.001722
0.000002
0.002765
-0.001722
0.000002
0.002765
-0.001775
0.000003
0.002695
-0.001775
0.000003
0.002695
-0.001825
0.000003
0.002609
-0.001825
0.000003
0.002609
-0.001870
0.000004
0.002506
-0.001870
0.000004
0.002506
-0.001908
0.000004
0.002386
-0.001908
0.000004
0.002386
-0.001920
0.000004
0.002225
-0.001920
0.000004
0.002225
-0.001913
0.000004
0.002037
-0.001913
0.000004
0.002037
-0.001892
0.000003
0.001834
-0.001892
0.000003
0.001834
-0.001830
0.000003
0.001593
-0.001830
0.000003
0.001593
-0.001711
0.000003
0.001315
-0.001711
0.000003
0.001315
-0.001507
0.000003
0.001001
-0.001507
0.000003
0.001001
-0.001199
0.000003
0.000667
-0.001199
0.000003
0.000667
-0.000746
0.000002
0.000337
-0.000746
0.000002
0.000337
-0.000135
0.000000
0.000063
-0.000135
0.000000
0.000063
0.000007
-0.000000
-0.000002
0.000007
-0.000000
-0.000002
0.000008
0.000000
-0.000000
0.000008
0.000000
-0.000000
-0.000002
-0.000000
0.000000
-0.000002
-0.000000
0.000000
-0.000003
-0.000000
0.000000
-0.000003
-0.000000
0.000000
-0.000002
-0.000000
0.000000
-0.000002
-0.000000
0.000000
-0.000002
-0.000000
0.000000
-0.000002
-0.000000
0.000000
-0.000001
-0.000000
0.000000
-0.000001
-0.000000
0.000000
-0.000001
-0.000000
0.000000
-0.000001
-0.000000
0.000000
-0.000001
-0.000000
0.000000
-0.000001
-0.000000
0.000000
-0.000001
-0.000000
0.000000
-0.000001
-0.000000
0.000000
-0.000001
-0.000000
0.000000
-0.000001
-0.000000
0.000000
-0.000001
-0.000000
0.000000
-0.000001
-0.000000
0.000000
-0.000001
-0.000000
0.000000
-0.000001
-0.000000
0.000000
-0.000001
-0.000000
0.000000
-0.000001
-0.000000
0.000000
-0.000001
-0.000000
0.000000
-0.000001
-0.000000
0.000000
-0.000001
-0.000000
0.000000
-0.000001
-0.000000
0.000000
-0.000001
-0.000000
0.000000
-0.000001
-0.000000
0.000000
-0.000001
-0.000000
0.000000
-0.000001
-0.000000
0.000000
-0.000001
-0.000000
0.000000
-0.000001
-0.000000
0.000000
-0.000001
-0.000000
0.000000
-0.000001
-0.000000
0.000000
-0.000001
-0.000000
0.000000
-0.000001
-0.000000
0.000000
-0.000002
-0.000000
0.000000
-0.000002
-0.000000
0.000000
-0.000002
-0.000000
0.000000
-0.000002
-0.000000
0.000000
-0.000002
-0.000000
0.000000
-0.000002
-0.000000
0.000000
-0.000002
-0.000000
0.000000
-0.000002
-0.000000
0.000000
-0.000002
-0.000000
0.000000
-0.000002
-0.000000
0.000000
-0.000002
-0.000000
0.000000
-0.000002
-0.000000
0.000000
-0.000002
-0.000000
0.000000
-0.000002
-0.000000
0.000000
-0.000003
-0.000000
0.000000
-0.000003
-0.000000
0.000000
-0.000070
-0.000002
0.001692
-0.000070
-0.000002
0.001692
-0.000074
-0.000005
0.002028
-0.000074
-0.000005
0.002028
-0.000084
-0.000008
0.002404
-0.000084
-0.000008
0.002404
-0.000083
-0.000003
0.002609
-0.000083
-0.000003
0.002609
-0.000061
0.000007
0.002620
-0.000061
0.000007
0.002620
-0.000049
0.000011
0.002609
-0.000049
0.000011
0.002609
-0.000035
0.000006
0.002607
-0.000035
0.000006
0.002607
-0.000009
-0.000005
0.002613
-0.000009
-0.000005
0.002613
-0.000000
-0.000010
0.002586
-0.000000
-0.000010
0.002586
0.000009
-0.000002
0.002576
0.000009
-0.000002
0.002576
0.000039
0.000013
0.002586
0.000039
0.000013
0.002586
0.000048
0.000020
0.002561
0.000048
0.000020
0.002561
0.000059
0.000011
0.002551
0.000059
0.000011
0.002551
0.000091
-0.000007
0.002558
0.000091
-0.000007
0.002558
0.000094
-0.000016
0.002516
0.000094
-0.000016
0.002516
0.000099
-0.000005
0.002497
0.000099
-0.000005
0.002497
0.000134
0.000016
0.002511
0.000134
0.000016
0.002511
0.000139
0.000025
0.002476
0.000139
0.000025
0.002476
0.000145
0.000014
0.002463
0.000145
0.000014
0.002463
0.000181
-0.000009
0.002471
0.000181
-0.000009
0.002471
0.000179
-0.000019
0.002413
0.000179
-0.000019
0.002413
0.000178
-0.000007
0.002386
0.000178
-0.000007
0.002386
0.000216
0.000017
0.002402
0.000216
0.000017
0.002402
0.000216
0.000028
0.002355
0.000216
0.000028
0.002355
0.000219
0.000015
0.002330
0.000219
0.000015
0.002330
0.000256
-0.000009
0.002335
0.000256
-0.000009
0.002335
0.000247
-0.000021
0.002261
0.000247
-0.000021
0.002261
0.000242
-0.000007
0.002224
0.000242
-0.000007
0.002224
0.000280
0.000018
0.002239
0.000280
0.000018
0.002239
0.000274
0.000030
0.002172
0.000274
0.000030
0.002172
0.000271
0.000016
0.002132
0.000271
0.000016
0.002132
0.000307
-0.000010
0.002133
0.000307
-0.000010
0.002133
0.000290
-0.000022
0.002039
0.000290
-0.000022
0.002039
0.000278
-0.000007
0.001989
0.000278
-0.000007
0.001989
0.000315
0.000020
0.001997
0.000315
0.000020
0.001997
0.000299
0.000031
0.001902
0.000299
0.000031
0.001902
0.000289
0.000016
0.001848
0.000289
0.000016
0.001848
0.000322
-0.000011
0.001841
0.000322
-0.000011
0.001841
0.000292
-0.000023
0.001707
0.000292
-0.000023
0.001707
0.000271
-0.000007
0.001637
0.000271
-0.000007
0.001637
0.000305
0.000021
0.001646
0.000305
0.000021
0.001646
0.000275
0.000031
0.001502
0.000275
0.000031
0.001502
0.000253
0.000016
0.001413
0.000253
0.000016
0.001413
0.000279
-0.000011
0.001394
0.000279
-0.000011
0.001394
0.000229
-0.000021
0.001188
0.000229
-0.000021
0.001188
0.000196
-0.000004
0.001077
0.000196
-0.000004
0.001077
0.000220
0.000020
0.001073
0.000220
0.000020
0.001073
0.000167
0.000025
0.000822
0.000167
0.000025
0.000822
0.000125
0.000011
0.000653
0.000125
0.000011
0.000653
0.000120
-0.000004
0.000561
0.000120
-0.000004
0.000561
0.000034
-0.000004
0.000102
0.000034
-0.000004
0.000102
-0.000013
0.000002
-0.000097
-0.000013
0.000002
-0.000097
-0.000020
-0.000013
-0.000108
-0.000020
-0.000013
-0.000108
-0.000036
-0.000075
-0.000651
-0.000036
-0.000075
-0.000651
-0.000021
-0.000080
-0.000761
-0.000021
-0.000080
-0.000761
-0.000009
-0.000020
-0.000259
-0.000009
-0.000020
-0.000259
-0.000003
-0.000005
-0.000101
-0.000003
-0.000005
-0.000101
-0.000003
-0.000005
-0.000118
-0.000003
-0.000005
-0.000118
-0.000001
-0.000003
-0.000061
-0.000001
-0.000003
-0.000061
-0.000001
-0.000002
-0.000036
-0.000001
-0.000002
-0.000036
-0.000000
-0.000001
-0.000026
-0.000000
-0.000001
-0.000026
-0.000000
-0.000001
-0.000019
-0.000000
-0.000001
-0.000019
-0.000000
-0.000001
-0.000014
-0.000000
-0.000001
-0.000014
-0.000000
-0.000000
-0.000010
-0.000000
-0.000000
-0.000010
-0.000000
-0.000000
-0.000008
-0.000000
-0.000000
-0.000008
0.000000
-0.000000
-0.000006
0.000000
-0.000000
-0.000006
0.000000
-0.000000
-0.000005
0.000000
-0.000000
-0.000005
0.000000
-0.000000
-0.000004
0.000000
-0.000000
-0.000004
0.000000
-0.000000
-0.000004
0.000000
-0.000000
-0.000004
0.000000
-0.000000
-0.000001
0.000000
-0.000000
-0.000001
0.000000
-0.000000
-0.000004
0.000000
-0.000000
-0.000004
-0.000000
0.000000
0.000010
-0.000000
0.000000
0.000010
-0.000000
0.000000
0.000010
-0.000000
0.000000
0.000010
-0.000132
-0.000025
0.003891
-0.000132
-0.000025
0.003891
-0.000146
-0.000024
0.004638
-0.000146
-0.000024
0.004638
-0.000162
-0.000028
0.005520
-0.000162
-0.000028
0.005520
-0.000172
-0.000039
0.006183
-0.000172
-0.000039
0.006183
-0.000118
-0.000040
0.006409
-0.000118
-0.000040
0.006409
-0.000055
-0.000005
0.006451
-0.000055
-0.000005
0.006451
0.000020
0.000023
0.006456
0.000020
0.000023
0.006456
0.000094
-0.000001
0.006444
0.000094
-0.000001
0.006444
0.000170
-0.000024
0.006402
0.000170
-0.000024
0.006402
0.000243
0.000003
0.006342
0.000243
0.000003
0.006342
0.000310
0.000029
0.006268
0.000310
0.000029
0.006268
0.000374
0.000001
0.006192
0.000374
0.000001
0.006192
0.000442
-0.000026
0.006107
0.000442
-0.000026
0.006107
0.000506
0.000004
0.006000
0.000506
0.000004
0.006000
0.000559
0.000031
0.005879
0.000559
0.000031
0.005879
0.000610
0.000002
0.005758
0.000610
0.000002
0.005758
0.000663
-0.000026
0.005631
0.000663
-0.000026
0.005631
0.000710
0.000003
0.005486
0.000710
0.000003
0.005486
0.000744
0.000032
0.005329
0.000744
0.000032
0.005329
0.000776
0.000002
0.005175
0.000776
0.000002
0.005175
0.000808
-0.000025
0.005018
0.000808
-0.000025
0.005018
0.000835
0.000003
0.004847
0.000835
0.000003
0.004847
0.000847
0.000030
0.004667
0.000847
0.000030
0.004667
0.000857
0.000003
0.004491
0.000857
0.000003
0.004491
0.000868
-0.000023
0.004318
0.000868
-0.000023
0.004318
0.000874
0.000003
0.004135
0.000874
0.000003
0.004135
0.000866
0.000027
0.003945
0.000866
0.000027
0.003945
0.000857
0.000003
0.003761
0.000857
0.000003
0.003761
0.000849
-0.000019
0.003587
0.000849
-0.000019
0.003587
0.000838
0.000003
0.003406
0.000838
0.000003
0.003406
0.000813
0.000023
0.003219
0.000813
0.000023
0.003219
0.000789
0.000003
0.003041
0.000789
0.000003
0.003041
0.000768
-0.000016
0.002875
0.000768
-0.000016
0.002875
0.000745
0.000002
0.002706
0.000745
0.000002
0.002706
0.000710
0.000020
0.002533
0.000710
0.000020
0.002533
0.000677
0.000003
0.002369
0.000677
0.000003
0.002369
0.000649
-0.000013
0.002221
0.000649
-0.000013
0.002221
0.000620
0.000003
0.002072
0.000620
0.000003
0.002072
0.000581
0.000016
0.001918
0.000581
0.000016
0.001918
0.000544
0.000002
0.001773
0.000544
0.000002
0.001773
0.000515
-0.000010
0.001647
0.000515
-0.000010
0.001647
0.000484
0.000003
0.001520
0.000484
0.000003
0.001520
0.000445
0.000014
0.001386
0.000445
0.000014
0.001386
0.000408
0.000002
0.001262
0.000408
0.000002
0.001262
0.000380
-0.000009
0.001158
0.000380
-0.000009
0.001158
0.000352
0.000002
0.001053
0.000352
0.000002
0.001053
0.000314
0.000012
0.000938
0.000314
0.000012
0.000938
0.000281
0.000002
0.000836
0.000281
0.000002
0.000836
0.000258
-0.000006
0.000754
0.000258
-0.000006
0.000754
0.000234
0.000003
0.000669
0.000234
0.000003
0.000669
0.000197
0.000011
0.000570
0.000197
0.000011
0.000570
0.000167
0.000002
0.000484
0.000167
0.000002
0.000484
0.000159
-0.000003
0.000436
0.000159
-0.000003
0.000436
0.000145
0.000009
0.000376
0.000145
0.000009
0.000376
0.000110
0.000018
0.000298
0.000110
0.000018
0.000298
0.000079
0.000016
0.000217
0.000079
0.000016
0.000217
0.000043
0.000010
0.000133
0.000043
0.000010
0.000133
0.000022
0.000006
0.000079
0.000022
0.000006
0.000079
0.000011
0.000003
0.000050
0.000011
0.000003
0.000050
0.000007
0.000002
0.000033
0.000007
0.000002
0.000033
0.000004
0.000001
0.000021
0.000004
0.000001
0.000021
0.000002
0.000001
0.000012
0.000002
0.000001
0.000012
0.000001
0.000000
0.000006
0.000001
0.000000
0.000006
0.000000
0.000000
0.000002
0.000000
0.000000
0.000002
0.000000
0.000000
0.000000
0.000000
0.000000
0.000000
-0.000000
-0.000000
-0.000001
-0.000000
-0.000000
-0.000001
-0.000000
-0.000000
-0.000002
-0.000000
-0.000000
-0.000002
-0.000000
-0.000000
-0.000002
-0.000000
-0.000000
-0.000002
-0.000000
-0.000000
-0.000002
-0.000000
-0.000000
-0.000002
-0.000000
-0.000000
-0.000003
-0.000000
-0.000000
-0.000003
-0.000000
-0.000000
-0.000002
-0.000000
-0.000000
-0.000002
-0.000000
-0.000000
-0.000003
-0.000000
-0.000000
-0.000003
-0.000001
-0.000000
-0.000005
-0.000001
-0.000000
-0.000005
