0.001646
-0.000007
-0.000296
0.001646
-0.000007
-0.000296
0.002048
-0.000004
-0.000046
0.002048
-0.000004
-0.000046
0.002707
0.000002
0.000402
0.002707
0.000002
0.000402
0.001461
0.000004
0.000405
0.001461
0.000004
0.000405
-0.000763
-0.000014
-0.001067
-0.000763
-0.000014
-0.001067
-0.001338
-0.000028
-0.002102
-0.001338
-0.000028
-0.002102
-0.000757
-0.000021
-0.001541
-0.000757
-0.000021
-0.001541
-0.000474
-0.000017
-0.001280
-0.000474
-0.000017
-0.001280
-0.000544
-0.000020
-0.001785
-0.000544
-0.000020
-0.001785
-0.000530
-0.000017
-0.001996
-0.000530
-0.000017
-0.001996
-0.000410
-0.000010
-0.001773
-0.000410
-0.000010
-0.001773
-0.000345
-0.000005
-0.001708
-0.000345
-0.000005
-0.001708
-0.000343
-0.000000
-0.001931
-0.000343
-0.000000
-0.001931
-0.000328
0.000004
-0.002127
-0.000328
0.000004
-0.002127
-0.000272
0.000006
-0.002060
-0.000272
0.000006
-0.002060
-0.000236
0.000006
-0.002051
-0.000236
0.000006
-0.002051
-0.000229
0.000008
-0.002302
-0.000229
0.000008
-0.002302
-0.000210
0.000010
-0.002468
-0.000210
0.000010
-0.002468
-0.000174
0.000011
-0.002453
-0.000174
0.000011
-0.002453
-0.000100
0.000023
-0.002631
-0.000100
0.000023
-0.002631
-0.000025
0.000053
-0.002923
-0.000025
0.000053
-0.002923
0.000021
0.000095
-0.003061
0.000021
0.000095
-0.003061
0.000073
0.000145
-0.003152
0.000073
0.000145
-0.003152
0.000120
0.000188
-0.003040
0.000120
0.000188
-0.003040
0.000172
0.000244
-0.002966
0.000172
0.000244
-0.002966
0.000548
0.000332
-0.003519
0.000548
0.000332
-0.003519
0.000926
0.000347
-0.003987
0.000926
0.000347
-0.003987
0.000840
0.000248
-0.003437
0.000840
0.000248
-0.003437
0.000662
0.000152
-0.002604
0.000662
0.000152
-0.002604
0.000690
0.000122
-0.002621
0.000690
0.000122
-0.002621
0.000932
0.000129
-0.003446
0.000932
0.000129
-0.003446
0.001145
0.000125
-0.004092
0.001145
0.000125
-0.004092
0.001152
0.000102
-0.003990
0.001152
0.000102
-0.003990
0.001254
0.000096
-0.004244
0.001254
0.000096
-0.004244
0.001553
0.000113
-0.005156
0.001553
0.000113
-0.005156
0.001532
0.000104
-0.004888
0.001532
0.000104
-0.004888
0.001182
0.000067
-0.003604
0.001182
0.000067
-0.003604
0.001252
0.000057
-0.003759
0.001252
0.000057
-0.003759
0.001725
0.000074
-0.005133
0.001725
0.000074
-0.005133
0.001710
0.000066
-0.005202
0.001710
0.000066
-0.005202
0.001338
0.000030
-0.004195
0.001338
0.000030
-0.004195
0.001409
-0.000005
-0.004386
0.001409
-0.000005
-0.004386
0.001762
-0.000042
-0.005450
0.001762
-0.000042
-0.005450
0.001715
-0.000060
-0.005474
0.001715
-0.000060
-0.005474
0.001434
-0.000038
-0.004759
0.001434
-0.000038
-0.004759
0.001480
-0.000004
-0.004872
0.001480
-0.000004
-0.004872
0.001702
0.000037
-0.005566
0.001702
0.000037
-0.005566
0.001541
0.000055
-0.005353
0.001541
0.000055
-0.005353
0.001225
0.000023
-0.004597
0.001225
0.000023
-0.004597
0.001240
-0.000021
-0.004586
0.001240
-0.000021
-0.004586
0.001343
-0.000061
-0.004882
0.001343
-0.000061
-0.004882
0.001252
-0.000079
-0.004600
0.001252
-0.000079
-0.004600
0.001088
-0.000070
-0.004048
0.001088
-0.000070
-0.004048
0.001052
-0.000056
-0.003821
0.001052
-0.000056
-0.003821
0.001050
-0.000044
-0.003729
0.001050
-0.000044
-0.003729
0.000922
-0.000040
-0.003382
0.000922
-0.000040
-0.003382
0.000767
-0.000056
-0.002934
0.000767
-0.000056
-0.002934
0.000699
-0.000079
-0.002615
0.000699
-0.000079
-0.002615
0.000604
-0.000092
-0.002220
0.000604
-0.000092
-0.002220
0.000433
-0.000082
-0.001724
0.000433
-0.000082
-0.001724
0.000309
-0.000055
-0.001386
0.000309
-0.000055
-0.001386
0.000228
-0.000026
-0.001004
0.000228
-0.000026
-0.001004
0.000077
-0.000006
-0.000336
0.000077
-0.000006
-0.000336
-0.000043
-0.000000
0.000260
-0.000043
-0.000000
0.000260
-0.000081
0.000004
0.000499
-0.000081
0.000004
0.000499
-0.000161
0.000025
0.000935
-0.000161
0.000025
0.000935
-0.000337
0.000073
0.001860
-0.000337
0.000073
0.001860
-0.000433
0.000113
0.002434
-0.000433
0.000113
0.002434
-0.000441
0.000119
0.002502
-0.000441
0.000119
0.002502
-0.000561
0.000133
0.002983
-0.000561
0.000133
0.002983
-0.000781
0.000161
0.003949
-0.000781
0.000161
0.003949
-0.000890
0.000174
0.004570
-0.000890
0.000174
0.004570
-0.000918
0.000186
0.004800
-0.000918
0.000186
0.004800
-0.001038
0.000208
0.005285
-0.001038
0.000208
0.005285
-0.001197
0.000224
0.005996
-0.001197
0.000224
0.005996
-0.001373
0.000233
0.006439
-0.001373
0.000233
0.006439
-0.001526
0.000264
0.006805
-0.001526
0.000264
0.006805
-0.001608
0.000310
0.007297
-0.001608
0.000310
0.007297
-0.001636
0.000342
0.007643
-0.001636
0.000342
0.007643
-0.001704
0.000358
0.008066
-0.001704
0.000358
0.008066
-0.001807
0.000348
0.008740
-0.001807
0.000348
0.008740
-0.001785
0.000298
0.009103
-0.001785
0.000298
0.009103
-0.001666
0.000215
0.009038
-0.001666
0.000215
0.009038
-0.001735
0.000155
0.009198
-0.001735
0.000155
0.009198
-0.001881
0.000160
0.009838
-0.001881
0.000160
0.009838
-0.001803
0.000178
0.010182
-0.001803
0.000178
0.010182
-0.001614
0.000167
0.010006
-0.001614
0.000167
0.010006
-0.001411
0.000159
0.010235
-0.001411
0.000159
0.010235
-0.001246
0.000173
0.010843
-0.001246
0.000173
0.010843
-0.001062
0.000179
0.010816
-0.001062
0.000179
0.010816
-0.000831
0.000164
0.010244
-0.000831
0.000164
0.010244
-0.000635
0.000143
0.010193
-0.000635
0.000143
0.010193
-0.000466
0.000108
0.010591
-0.000466
0.000108
0.010591
-0.000282
0.000050
0.010394
-0.000282
0.000050
0.010394
-0.000090
-0.000025
0.009703
-0.000090
-0.000025
0.009703
0.000270
-0.000071
0.009558
0.000270
-0.000071
0.009558
0.000635
-0.000044
0.009859
0.000635
-0.000044
0.009859
0.000789
0.000010
0.009680
0.000789
0.000010
0.009680
0.000898
0.000046
0.009136
0.000898
0.000046
0.009136
0.001061
0.000054
0.008785
0.001061
0.000054
0.008785
0.001233
0.000024
0.008602
0.001233
0.000024
0.008602
0.001328
-0.000030
0.008308
0.001328
-0.000030
0.008308
0.001387
-0.000094
0.007840
0.001387
-0.000094
0.007840
0.001650
-0.000135
0.007632
0.001650
-0.000135
0.007632
-0.000073
0.000000
-0.000004
-0.000073
0.000000
-0.000004
-0.000087
0.000000
-0.000004
-0.000087
0.000000
-0.000004
-0.000085
0.000000
-0.000004
-0.000085
0.000000
-0.000004
-0.000094
0.000000
-0.000004
-0.000094
0.000000
-0.000004
-0.000119
0.000001
-0.000005
-0.000119
0.000001
-0.000005
-0.000135
0.000001
-0.000006
-0.000135
0.000001
-0.000006
-0.000135
0.000001
-0.000006
-0.000135
0.000001
-0.000006
-0.000142
0.000001
-0.000006
-0.000142
0.000001
-0.000006
-0.000164
0.000001
-0.000007
-0.000164
0.000001
-0.000007
-0.000181
0.000001
-0.000008
-0.000181
0.000001
-0.000008
-0.000182
0.000001
-0.000007
-0.000182
0.000001
-0.000007
-0.000188
0.000001
-0.000008
-0.000188
0.000001
-0.000008
-0.000208
0.000001
-0.000008
-0.000208
0.000001
-0.000008
-0.000214
0.000001
-0.000009
-0.000214
0.000001
-0.000009
-0.000206
0.000001
-0.000008
-0.000206
0.000001
-0.000008
-0.000220
0.000001
-0.000009
-0.000220
0.000001
-0.000009
-0.000248
0.000001
-0.000010
-0.000248
0.000001
-0.000010
-0.000239
0.000001
-0.000009
-0.000239
0.000001
-0.000009
-0.000208
0.000001
-0.000008
-0.000208
0.000001
-0.000008
-0.000244
0.000001
-0.000009
-0.000244
0.000001
-0.000009
-0.000325
0.000001
-0.000012
-0.000325
0.000001
-0.000012
-0.000323
0.000001
-0.000012
-0.000323
0.000001
-0.000012
-0.000238
0.000001
-0.000009
-0.000238
0.000001
-0.000009
-0.000221
0.000001
-0.000008
-0.000221
0.000001
-0.000008
-0.000306
0.000001
-0.000011
-0.000306
0.000001
-0.000011
-0.000353
0.000001
-0.000012
-0.000353
0.000001
-0.000012
-0.000306
0.000001
-0.000011
-0.000306
0.000001
-0.000011
-0.000209
0.000000
-0.000007
-0.000209
0.000000
-0.000007
-0.000117
0.000000
-0.000004
-0.000117
0.000000
-0.000004
-0.000038
0.000000
0.000126
-0.000038
0.000000
0.000126
0.000693
0.000003
-0.002309
0.000693
0.000003
-0.002309
0.001301
0.000001
-0.004566
0.001301
0.000001
-0.004566
0.001356
-0.000006
-0.004977
0.001356
-0.000006
-0.004977
0.001067
-0.000009
-0.004142
0.001067
-0.000009
-0.004142
0.001049
-0.000012
-0.004311
0.001049
-0.000012
-0.004311
0.001166
-0.000017
-0.005058
0.001166
-0.000017
-0.005058
0.001117
-0.000018
-0.005154
0.001117
-0.000018
-0.005154
0.000990
-0.000015
-0.004907
0.000990
-0.000015
-0.004907
0.000791
-0.000012
-0.004263
0.000791
-0.000012
-0.004263
0.000504
-0.000008
-0.002992
0.000504
-0.000008
-0.002992
0.000361
-0.000007
-0.002374
0.000361
-0.000007
-0.002374
0.000327
-0.000005
-0.002373
0.000327
-0.000005
-0.002373
0.000234
-0.000002
-0.001808
0.000234
-0.000002
-0.001808
0.000122
-0.000002
-0.000998
0.000122
-0.000002
-0.000998
0.000098
-0.000003
-0.000940
0.000098
-0.000003
-0.000940
0.000108
-0.000003
-0.001171
0.000108
-0.000003
-0.001171
0.000087
-0.000001
-0.001099
0.000087
-0.000001
-0.001099
0.000083
0.000003
-0.001280
0.000083
0.000003
-0.001280
0.000093
0.000012
-0.001702
0.000093
0.000012
-0.001702
0.000086
0.000026
-0.001820
0.000086
0.000026
-0.001820
0.000138
0.000028
-0.001742
0.000138
0.000028
-0.001742
0.000203
0.000001
-0.001797
0.000203
0.000001
-0.001797
0.000195
-0.000038
-0.001813
0.000195
-0.000038
-0.001813
0.000178
-0.000075
-0.001744
0.000178
-0.000075
-0.001744
0.000218
-0.000087
-0.001585
0.000218
-0.000087
-0.001585
0.000203
-0.000055
-0.001126
0.000203
-0.000055
-0.001126
0.000136
-0.000020
-0.000777
0.000136
-0.000020
-0.000777
0.000148
-0.000003
-0.000846
0.000148
-0.000003
-0.000846
0.000239
0.000012
-0.001109
0.000239
0.000012
-0.001109
0.000326
0.000016
-0.001342
0.000326
0.000016
-0.001342
0.000331
0.000016
-0.001404
0.000331
0.000016
-0.001404
0.000293
0.000024
-0.001294
0.000293
0.000024
-0.001294
0.000243
0.000035
-0.001660
0.000243
0.000035
-0.001660
0.000315
0.000013
-0.003043
0.000315
0.000013
-0.003043
0.000469
-0.000044
-0.004305
0.000469
-0.000044
-0.004305
0.000623
-0.000085
-0.004901
0.000623
-0.000085
-0.004901
0.001716
-0.000313
-0.005288
0.001716
-0.000313
-0.005288
0.002806
-0.000942
-0.005298
0.002806
-0.000942
-0.005298
0.002770
-0.001614
-0.004677
0.002770
-0.001614
-0.004677
0.002798
-0.002340
-0.004158
0.002798
-0.002340
-0.004158
0.004187
-0.002717
-0.003629
0.004187
-0.002717
-0.003629
0.003193
-0.001526
-0.001832
0.003193
-0.001526
-0.001832
-0.000582
0.000267
0.000333
-0.000582
0.000267
0.000333
-0.004048
0.002023
0.002375
-0.004048
0.002023
0.002375
-0.006515
0.005699
0.007605
-0.006515
0.005699
0.007605
-0.006949
0.007399
0.012537
-0.006949
0.007399
0.012537
-0.005810
0.004942
0.012353
-0.005810
0.004942
0.012353
-0.004696
0.002634
0.012201
-0.004696
0.002634
0.012201
-0.002404
0.001406
0.013773
-0.002404
0.001406
0.013773
0.000065
0.000863
0.013868
0.000065
0.000863
0.013868
0.000472
0.000674
0.012496
0.000472
0.000674
0.012496
0.000706
0.000461
0.011774
0.000706
0.000461
0.011774
0.000475
0.000318
0.011768
0.000475
0.000318
0.011768
0.000179
0.000299
0.011749
0.000179
0.000299
0.011749
0.000242
0.000319
0.011895
0.000242
0.000319
0.011895
0.000307
0.000289
0.012138
0.000307
0.000289
0.012138
0.000554
0.000255
0.012269
0.000554
0.000255
0.012269
0.000778
0.000262
0.011940
0.000778
0.000262
0.011940
0.000828
0.000286
0.011768
0.000828
0.000286
0.011768
0.000916
0.000297
0.012186
0.000916
0.000297
0.012186
0.000967
0.000282
0.012254
0.000967
0.000282
0.012254
0.000966
0.000238
0.011660
0.000966
0.000238
0.011660
0.001003
0.000186
0.011333
0.001003
0.000186
0.011333
0.001107
0.000123
0.011638
0.001107
0.000123
0.011638
0.001422
0.000085
0.011954
0.001422
0.000085
0.011954
0.001683
0.000118
0.011762
0.001683
0.000118
0.011762
0.001754
0.000183
0.011609
0.001754
0.000183
0.011609
0.001898
0.000244
0.011939
0.001898
0.000244
0.011939
0.002102
0.000278
0.012167
0.002102
0.000278
0.012167
0.002262
0.000266
0.012122
0.002262
0.000266
0.012122
0.002349
0.000234
0.012088
0.002349
0.000234
0.012088
0.002437
0.000199
0.012053
0.002437
0.000199
0.012053
0.002583
0.000179
0.011935
0.002583
0.000179
0.011935
0.002736
0.000194
0.011839
0.002736
0.000194
0.011839
0.002844
0.000229
0.011858
0.002844
0.000229
0.011858
0.000445
0.000000
-0.001356
0.000445
0.000000
-0.001356
0.000692
-0.000004
-0.002035
0.000692
-0.000004
-0.002035
0.000564
-0.000005
-0.001618
0.000564
-0.000005
-0.001618
0.000028
0.000000
-0.000091
0.000028
0.000000
-0.000091
-0.000180
0.000003
0.000478
-0.000180
0.000003
0.000478
0.000022
0.000000
-0.000050
0.000022
0.000000
-0.000050
-0.000109
-0.000000
0.000251
-0.000109
-0.000000
0.000251
-0.000730
-0.000002
0.001680
-0.000730
-0.000002
0.001680
-0.001007
-0.000007
0.002257
-0.001007
-0.000007
0.002257
-0.000781
-0.000008
0.001658
-0.000781
-0.000008
0.001658
-0.000857
-0.000004
0.001686
-0.000857
-0.000004
0.001686
-0.001343
0.000003
0.002540
-0.001343
0.000003
0.002540
-0.001541
0.000011
0.002810
-0.001541
0.000011
0.002810
-0.001392
0.000017
0.002429
-0.001392
0.000017
0.002429
-0.001233
0.000018
0.002017
-0.001233
0.000018
0.002017
-0.001052
0.000010
0.001602
-0.001052
0.000010
0.001602
-0.001065
0.000002
0.001530
-0.001065
0.000002
0.001530
-0.001383
-0.000008
0.001872
-0.001383
-0.000008
0.001872
-0.001362
-0.000016
0.001747
-0.001362
-0.000016
0.001747
-0.000796
-0.000012
0.000949
-0.000796
-0.000012
0.000949
-0.000483
-0.000005
0.000502
-0.000483
-0.000005
0.000502
-0.000591
-0.000003
0.000562
-0.000591
-0.000003
0.000562
-0.000330
-0.000001
0.000301
-0.000330
-0.000001
0.000301
0.000391
-0.000001
-0.000282
0.000391
-0.000001
-0.000282
0.000760
-0.000003
-0.000508
0.000760
-0.000003
-0.000508
0.000733
-0.000004
-0.000409
0.000733
-0.000004
-0.000409
0.001150
-0.000006
-0.000477
0.001150
-0.000006
-0.000477
0.001681
-0.000009
-0.000514
0.001681
-0.000009
-0.000514
0.000215
0.000001
0.000249
0.000215
0.000001
0.000249
0.000328
-0.000000
0.000021
0.000328
-0.000000
0.000021
0.000165
-0.000000
0.000011
0.000165
-0.000000
0.000011
0.000110
-0.000000
0.000007
0.000110
-0.000000
0.000007
0.000146
-0.000000
0.000009
0.000146
-0.000000
0.000009
0.000150
-0.000000
0.000010
0.000150
-0.000000
0.000010
0.000123
-0.000000
0.000008
0.000123
-0.000000
0.000008
0.000103
-0.000000
0.000007
0.000103
-0.000000
0.000007
0.000109
-0.000000
0.000007
0.000109
-0.000000
0.000007
0.000112
-0.000000
0.000007
0.000112
-0.000000
0.000007
0.000091
-0.000000
0.000006
0.000091
-0.000000
0.000006
0.000070
-0.000000
0.000004
0.000070
-0.000000
0.000004
0.000071
-0.000000
0.000005
0.000071
-0.000000
0.000005
0.000070
-0.000000
0.000004
0.000070
-0.000000
0.000004
0.000056
-0.000000
0.000004
0.000056
-0.000000
0.000004
0.000044
-0.000000
0.000003
0.000044
-0.000000
0.000003
0.000044
-0.000000
0.000003
0.000044
-0.000000
0.000003
0.000041
-0.000000
0.000003
0.000041
-0.000000
0.000003
0.000026
-0.000000
0.000002
0.000026
-0.000000
0.000002
0.000014
-0.000000
0.000001
0.000014
-0.000000
0.000001
0.000014
-0.000000
0.000001
0.000014
-0.000000
0.000001
0.000009
-0.000000
0.000001
0.000009
-0.000000
0.000001
-0.000006
0.000000
-0.000000
-0.000006
0.000000
-0.000000
-0.000016
0.000000
-0.000001
-0.000016
0.000000
-0.000001
-0.000019
0.000000
-0.000001
-0.000019
0.000000
-0.000001
-0.000029
0.000000
-0.000002
-0.000029
0.000000
-0.000002
-0.000042
0.000000
-0.000003
-0.000042
0.000000
-0.000003
-0.000043
0.000000
-0.000003
-0.000043
0.000000
-0.000003
-0.000048
0.000000
-0.000003
-0.000048
0.000000
-0.000003
0.002141
-0.000121
0.008358
0.002141
-0.000121
0.008358
0.002686
-0.000084
0.009766
0.002686
-0.000084
0.009766
0.003269
-0.000043
0.011281
0.003269
-0.000043
0.011281
0.003528
0.000013
0.011558
0.003528
0.000013
0.011558
0.003469
0.000051
0.010585
0.003469
0.000051
0.010585
0.003691
0.000096
0.010221
0.003691
0.000096
0.010221
0.004018
0.000210
0.010199
0.004018
0.000210
0.010199
0.004004
0.000361
0.009597
0.004004
0.000361
0.009597
0.004110
0.000461
0.008865
0.004110
0.000461
0.008865
0.004302
0.000476
0.008515
0.004302
0.000476
0.008515
0.003934
0.000477
0.007716
0.003934
0.000477
0.007716
0.002830
0.000389
0.006167
0.002830
0.000389
0.006167
0.002107
0.000174
0.005467
0.002107
0.000174
0.005467
0.002220
-0.000083
0.006025
0.002220
-0.000083
0.006025
0.001866
-0.000245
0.006155
0.001866
-0.000245
0.006155
0.001335
-0.000212
0.005682
0.001335
-0.000212
0.005682
0.001276
-0.000144
0.005648
0.001276
-0.000144
0.005648
0.001301
-0.000120
0.005659
0.001301
-0.000120
0.005659
0.001152
-0.000088
0.004899
0.001152
-0.000088
0.004899
0.000892
-0.000068
0.003871
0.000892
-0.000068
0.003871
0.000689
-0.000057
0.003344
0.000689
-0.000057
0.003344
0.000347
-0.000024
0.001897
0.000347
-0.000024
0.001897
-0.000137
-0.000015
-0.000859
-0.000137
-0.000015
-0.000859
-0.000338
-0.000033
-0.002428
-0.000338
-0.000033
-0.002428
-0.000293
-0.000020
-0.002602
-0.000293
-0.000020
-0.002602
-0.000409
0.000030
-0.004062
-0.000409
0.000030
-0.004062
-0.000511
0.000093
-0.006934
-0.000511
0.000093
-0.006934
-0.000467
0.000099
-0.008578
-0.000467
0.000099
-0.008578
-0.000448
0.000069
-0.009176
-0.000448
0.000069
-0.009176
-0.000479
0.000055
-0.009943
-0.000479
0.000055
-0.009943
-0.000510
0.000037
-0.010633
-0.000510
0.000037
-0.010633
-0.000514
0.000026
-0.011497
-0.000514
0.000026
-0.011497
-0.000472
0.000014
-0.012765
-0.000472
0.000014
-0.012765
-0.000371
-0.000022
-0.012445
-0.000371
-0.000022
-0.012445
-0.000268
-0.000059
-0.010242
-0.000268
-0.000059
-0.010242
-0.000162
-0.000076
-0.009788
-0.000162
-0.000076
-0.009788
-0.000087
-0.000058
-0.011281
-0.000087
-0.000058
-0.011281
-0.000035
-0.000002
-0.010690
-0.000035
-0.000002
-0.010690
0.000092
0.000022
-0.007869
0.000092
0.000022
-0.007869
0.000212
-0.000015
-0.006575
0.000212
-0.000015
-0.006575
0.000277
-0.000076
-0.007131
0.000277
-0.000076
-0.007131
0.000427
-0.000110
-0.007596
0.000427
-0.000110
-0.007596
0.000556
-0.000079
-0.007365
0.000556
-0.000079
-0.007365
0.000670
-0.000008
-0.007574
0.000670
-0.000008
-0.007574
0.001006
0.000028
-0.008500
0.001006
0.000028
-0.008500
0.001246
-0.000019
-0.008600
0.001246
-0.000019
-0.008600
0.001238
-0.000103
-0.008111
0.001238
-0.000103
-0.008111
0.001405
-0.000157
-0.008507
0.001405
-0.000157
-0.008507
0.001672
-0.000147
-0.009528
0.001672
-0.000147
-0.009528
0.001118
-0.000059
-0.006274
0.001118
-0.000059
-0.006274
-0.000098
-0.000030
0.000452
-0.000098
-0.000030
0.000452
-0.000526
-0.000079
0.002742
-0.000526
-0.000079
0.002742
-0.000503
-0.000223
0.002666
-0.000503
-0.000223
0.002666
-0.000160
-0.000615
0.005678
-0.000160
-0.000615
0.005678
0.000338
-0.000653
0.008655
0.000338
-0.000653
0.008655
0.000316
-0.000236
0.008298
0.000316
-0.000236
0.008298
0.000374
0.000004
0.007476
0.000374
0.000004
0.007476
0.000411
0.000040
0.006826
0.000411
0.000040
0.006826
0.000255
0.000019
0.004942
0.000255
0.000019
0.004942
0.000155
0.000009
0.003505
0.000155
0.000009
0.003505
0.000123
0.000005
0.003133
0.000123
0.000005
0.003133
0.000106
0.000004
0.002945
0.000106
0.000004
0.002945
0.000082
0.000002
0.002446
0.000082
0.000002
0.002446
0.000062
0.000002
0.001919
0.000062
0.000002
0.001919
0.000050
0.000001
0.001611
0.000050
0.000001
0.001611
0.000044
0.000001
0.001439
0.000044
0.000001
0.001439
0.000039
0.000001
0.001271
0.000039
0.000001
0.001271
0.000031
0.000001
0.001027
0.000031
0.000001
0.001027
0.000024
0.000001
0.000806
0.000024
0.000001
0.000806
0.000022
0.000001
0.000722
0.000022
0.000001
0.000722
0.000021
0.000001
0.000706
0.000021
0.000001
0.000706
0.000018
0.000001
0.000608
0.000018
0.000001
0.000608
0.000012
0.000001
0.000389
0.000012
0.000001
0.000389
0.003244
0.000296
0.012984
0.003244
0.000296
0.012984
0.004100
0.000343
0.014977
0.004100
0.000343
0.014977
0.005104
0.000260
0.017055
0.005104
0.000260
0.017055
0.005666
0.000041
0.017945
0.005666
0.000041
0.017945
0.005999
-0.000102
0.016865
0.005999
-0.000102
0.016865
0.005688
-0.000015
0.014318
0.005688
-0.000015
0.014318
0.004540
0.000077
0.010778
0.004540
0.000077
0.010778
0.003815
0.000038
0.008540
0.003815
0.000038
0.008540
0.003537
0.000002
0.007495
0.003537
0.000002
0.007495
0.003002
0.000026
0.006049
0.003002
0.000026
0.006049
0.002302
0.000043
0.004535
0.002302
0.000043
0.004535
0.001900
0.000022
0.003680
0.001900
0.000022
0.003680
0.001731
0.000005
0.003307
0.001731
0.000005
0.003307
0.001392
0.000010
0.002638
0.001392
0.000010
0.002638
0.000830
0.000012
0.001603
0.000830
0.000012
0.001603
0.000331
0.000005
0.000650
0.000331
0.000005
0.000650
-0.000090
-0.000000
-0.000192
-0.000090
-0.000000
-0.000192
-0.000399
-0.000001
-0.000865
-0.000399
-0.000001
-0.000865
-0.000566
-0.000003
-0.001298
-0.000566
-0.000003
-0.001298
-0.000905
-0.000009
-0.002222
-0.000905
-0.000009
-0.002222
-0.001415
-0.000015
-0.003724
-0.001415
-0.000015
-0.003724
-0.001501
-0.000007
-0.004211
-0.001501
-0.000007
-0.004211
-0.001175
0.000002
-0.003592
-0.001175
0.000002
-0.003592
-0.001164
-0.000008
-0.003964
-0.001164
-0.000008
-0.003964
-0.001459
-0.000020
-0.005459
-0.001459
-0.000020
-0.005459
-0.001407
-0.000011
-0.005723
-0.001407
-0.000011
-0.005723
-0.001065
0.000008
-0.004709
-0.001065
0.000008
-0.004709
-0.000946
0.000027
-0.004556
-0.000946
0.000027
-0.004556
-0.001027
0.000047
-0.005109
-0.001027
0.000047
-0.005109
-0.000971
0.000055
-0.004962
-0.000971
0.000055
-0.004962
-0.000773
0.000048
-0.004393
-0.000773
0.000048
-0.004393
-0.000725
0.000028
-0.004661
-0.000725
0.000028
-0.004661
-0.000785
0.000006
-0.005372
-0.000785
0.000006
-0.005372
-0.000744
-0.000006
-0.005390
-0.000744
-0.000006
-0.005390
-0.000663
-0.000010
-0.005061
-0.000663
-0.000010
-0.005061
-0.000587
-0.000010
-0.004720
-0.000587
-0.000010
-0.004720
-0.000540
-0.000009
-0.004496
-0.000540
-0.000009
-0.004496
-0.000547
-0.000011
-0.004756
-0.000547
-0.000011
-0.004756
-0.000536
-0.000013
-0.005061
-0.000536
-0.000013
-0.005061
-0.000479
-0.000015
-0.004984
-0.000479
-0.000015
-0.004984
-0.000436
-0.000021
-0.004808
-0.000436
-0.000021
-0.004808
-0.000381
-0.000035
-0.004463
-0.000381
-0.000035
-0.004463
-0.000301
-0.000044
-0.003790
-0.000301
-0.000044
-0.003790
-0.000268
-0.000046
-0.003734
-0.000268
-0.000046
-0.003734
-0.000244
-0.000048
-0.004285
-0.000244
-0.000048
-0.004285
-0.000168
-0.000034
-0.004447
-0.000168
-0.000034
-0.004447
-0.000016
-0.000022
-0.004162
-0.000016
-0.000022
-0.004162
0.000041
-0.000011
-0.001944
0.000041
-0.000011
-0.001944
-0.000004
-0.000008
-0.000139
-0.000004
-0.000008
-0.000139
-0.000157
-0.000563
-0.004044
-0.000157
-0.000563
-0.004044
-0.000976
-0.001177
-0.006713
-0.000976
-0.001177
-0.006713
-0.001160
-0.000896
-0.003841
-0.001160
-0.000896
-0.003841
-0.000168
-0.001291
-0.005787
-0.000168
-0.001291
-0.005787
0.000376
-0.001302
-0.008822
0.000376
-0.001302
-0.008822
0.000149
-0.000281
-0.003701
0.000149
-0.000281
-0.003701
-0.000182
0.000013
0.001251
-0.000182
0.000013
0.001251
-0.000242
0.000018
0.002058
-0.000242
0.000018
0.002058
-0.000302
0.000026
0.004140
-0.000302
0.000026
0.004140
-0.000320
0.000041
0.006532
-0.000320
0.000041
0.006532
-0.000203
0.000045
0.006753
-0.000203
0.000045
0.006753
-0.000092
0.000042
0.006298
-0.000092
0.000042
0.006298
-0.000021
0.000035
0.005554
-0.000021
0.000035
0.005554
0.000023
0.000027
0.004521
0.000023
0.000027
0.004521
0.000043
0.000021
0.003685
0.000043
0.000021
0.003685
0.000050
0.000016
0.002927
0.000050
0.000016
0.002927
0.000050
0.000012
0.002333
0.000050
0.000012
0.002333
0.000046
0.000009
0.001846
0.000046
0.000009
0.001846
0.000040
0.000007
0.001458
0.000040
0.000007
0.001458
0.000037
0.000006
0.001223
0.000037
0.000006
0.001223
0.000034
0.000005
0.001071
0.000034
0.000005
0.001071
0.000031
0.000004
0.000920
0.000031
0.000004
0.000920
0.000025
0.000003
0.000708
0.000025
0.000003
0.000708
0.000019
0.000002
0.000524
0.000019
0.000002
0.000524
