0.000330
-0.000000
-0.000040
0.000330
-0.000000
-0.000040
0.000845
-0.000001
-0.000019
0.000845
-0.000001
-0.000019
0.001368
-0.000001
0.000220
0.001368
-0.000001
0.000220
0.001660
-0.000001
0.000888
0.001660
-0.000001
0.000888
0.001480
-0.000001
0.001568
0.001480
-0.000001
0.001568
0.001082
-0.000002
0.001762
0.001082
-0.000002
0.001762
0.000768
-0.000003
0.001703
0.000768
-0.000003
0.001703
0.000577
-0.000004
0.001618
0.000577
-0.000004
0.001618
0.000457
-0.000003
0.001554
0.000457
-0.000003
0.001554
0.000363
-0.000002
0.001475
0.000363
-0.000002
0.001475
0.000287
-0.000000
0.001377
0.000287
-0.000000
0.001377
0.000232
0.000000
0.001303
0.000232
0.000000
0.001303
0.000191
0.000001
0.001257
0.000191
0.000001
0.001257
0.000160
0.000001
0.001207
0.000160
0.000001
0.001207
0.000133
0.000001
0.001144
0.000133
0.000001
0.001144
0.000108
-0.000000
0.001089
0.000108
-0.000000
0.001089
0.000088
-0.000001
0.001052
0.000088
-0.000001
0.001052
0.000070
-0.000002
0.001011
0.000070
-0.000002
0.001011
0.000053
-0.000003
0.000953
0.000053
-0.000003
0.000953
0.000036
-0.000004
0.000902
0.000036
-0.000004
0.000902
0.000022
-0.000006
0.000874
0.000022
-0.000006
0.000874
0.000011
-0.000008
0.000849
0.000011
-0.000008
0.000849
0.000001
-0.000010
0.000813
0.000001
-0.000010
0.000813
-0.000008
-0.000013
0.000781
-0.000008
-0.000013
0.000781
-0.000016
-0.000016
0.000750
-0.000016
-0.000016
0.000750
-0.000036
-0.000017
0.000714
-0.000036
-0.000017
0.000714
-0.000055
-0.000015
0.000711
-0.000055
-0.000015
0.000711
-0.000061
-0.000012
0.000728
-0.000061
-0.000012
0.000728
-0.000063
-0.000009
0.000725
-0.000063
-0.000009
0.000725
-0.000067
-0.000007
0.000741
-0.000067
-0.000007
0.000741
-0.000079
-0.000005
0.000848
-0.000079
-0.000005
0.000848
-0.000101
-0.000003
0.001016
-0.000101
-0.000003
0.001016
-0.000117
-0.000001
0.001129
-0.000117
-0.000001
0.001129
-0.000124
0.000001
0.001165
-0.000124
0.000001
0.001165
-0.000127
0.000003
0.001178
-0.000127
0.000003
0.001178
-0.000123
0.000004
0.001177
-0.000123
0.000004
0.001177
-0.000116
0.000003
0.001153
-0.000116
0.000003
0.001153
-0.000115
0.000000
0.001139
-0.000115
0.000000
0.001139
-0.000118
-0.000003
0.001152
-0.000118
-0.000003
0.001152
-0.000113
-0.000004
0.001147
-0.000113
-0.000004
0.001147
-0.000106
-0.000002
0.001117
-0.000106
-0.000002
0.001117
-0.000106
0.000001
0.001105
-0.000106
0.000001
0.001105
-0.000109
0.000003
0.001122
-0.000109
0.000003
0.001122
-0.000105
0.000005
0.001127
-0.000105
0.000005
0.001127
-0.000099
0.000003
0.001103
-0.000099
0.000003
0.001103
-0.000100
0.000000
0.001095
-0.000100
0.000000
0.001095
-0.000106
-0.000003
0.001128
-0.000106
-0.000003
0.001128
-0.000102
-0.000005
0.001141
-0.000102
-0.000005
0.001141
-0.000094
-0.000003
0.001106
-0.000094
-0.000003
0.001106
-0.000095
0.000001
0.001088
-0.000095
0.000001
0.001088
-0.000100
0.000004
0.001116
-0.000100
0.000004
0.001116
-0.000097
0.000006
0.001138
-0.000097
0.000006
0.001138
-0.000092
0.000004
0.001127
-0.000092
0.000004
0.001127
-0.000094
0.000001
0.001122
-0.000094
0.000001
0.001122
-0.000099
-0.000003
0.001145
-0.000099
-0.000003
0.001145
-0.000096
-0.000005
0.001161
-0.000096
-0.000005
0.001161
-0.000090
-0.000003
0.001157
-0.000090
-0.000003
0.001157
-0.000093
0.000000
0.001162
-0.000093
0.000000
0.001162
-0.000098
0.000004
0.001188
-0.000098
0.000004
0.001188
-0.000096
0.000005
0.001215
-0.000096
0.000005
0.001215
-0.000092
0.000004
0.001220
-0.000092
0.000004
0.001220
-0.000095
0.000001
0.001228
-0.000095
0.000001
0.001228
-0.000100
-0.000002
0.001263
-0.000100
-0.000002
0.001263
-0.000098
-0.000004
0.001299
-0.000098
-0.000004
0.001299
-0.000094
-0.000002
0.001312
-0.000094
-0.000002
0.001312
-0.000095
0.000000
0.001318
-0.000095
0.000000
0.001318
-0.000098
0.000003
0.001336
-0.000098
0.000003
0.001336
-0.000096
0.000004
0.001364
-0.000096
0.000004
0.001364
-0.000094
0.000003
0.001388
-0.000094
0.000003
0.001388
-0.000094
0.000001
0.001390
-0.000094
0.000001
0.001390
-0.000094
-0.000001
0.001384
-0.000094
-0.000001
0.001384
-0.000091
-0.000002
0.001410
-0.000091
-0.000002
0.001410
-0.000088
-0.000001
0.001435
-0.000088
-0.000001
0.001435
-0.000087
0.000000
0.001415
-0.000087
0.000000
0.001415
-0.000085
0.000002
0.001388
-0.000085
0.000002
0.001388
-0.000082
0.000003
0.001398
-0.000082
0.000003
0.001398
-0.000080
0.000002
0.001414
-0.000080
0.000002
0.001414
-0.000077
0.000001
0.001389
-0.000077
0.000001
0.001389
-0.000074
-0.000000
0.001345
-0.000074
-0.000000
0.001345
-0.000070
-0.000001
0.001339
-0.000070
-0.000001
0.001339
-0.000067
-0.000001
0.001354
-0.000067
-0.000001
0.001354
-0.000065
0.000000
0.001333
-0.000065
0.000000
0.001333
-0.000062
0.000001
0.001291
-0.000062
0.000001
0.001291
-0.000059
0.000002
0.001279
-0.000059
0.000002
0.001279
-0.000056
0.000001
0.001278
-0.000056
0.000001
0.001278
-0.000053
0.000001
0.001252
-0.000053
0.000001
0.001252
-0.000050
-0.000000
0.001219
-0.000050
-0.000000
0.001219
-0.000047
-0.000001
0.001207
-0.000047
-0.000001
0.001207
-0.000043
-0.000000
0.001194
-0.000043
-0.000000
0.001194
-0.000041
0.000000
0.001168
-0.000041
0.000000
0.001168
-0.000038
0.000001
0.001142
-0.000038
0.000001
0.001142
-0.000035
0.000001
0.001114
-0.000035
0.000001
0.001114
-0.000032
0.000001
0.001085
-0.000032
0.000001
0.001085
-0.000030
0.000000
0.001070
-0.000030
0.000000
0.001070
-0.000028
0.000000
0.001057
-0.000028
0.000000
0.001057
-0.000025
-0.000000
0.001026
-0.000025
-0.000000
0.001026
-0.000022
0.000000
0.000989
-0.000022
0.000000
0.000989
-0.000020
0.000000
0.000967
-0.000020
0.000000
0.000967
-0.000018
0.000000
0.000955
-0.000018
0.000000
0.000955
-0.000016
0.000000
0.000923
-0.000016
0.000000
0.000923
-0.000014
0.000001
0.000873
-0.000014
0.000001
0.000873
-0.000012
0.000001
0.000843
-0.000012
0.000001
0.000843
-0.000010
0.000001
0.000831
-0.000010
0.000001
0.000831
-0.000009
0.000001
0.000801
-0.000009
0.000001
0.000801
0.000042
0.000000
-0.000001
0.000042
0.000000
-0.000001
0.000041
0.000000
-0.000001
0.000041
0.000000
-0.000001
0.000042
0.000000
-0.000001
0.000042
0.000000
-0.000001
0.000042
0.000000
-0.000001
0.000042
0.000000
-0.000001
0.000042
0.000000
-0.000001
0.000042
0.000000
-0.000001
0.000042
0.000000
-0.000001
0.000042
0.000000
-0.000001
0.000042
0.000000
-0.000001
0.000042
0.000000
-0.000001
0.000043
0.000000
-0.000001
0.000043
0.000000
-0.000001
0.000044
0.000000
-0.000001
0.000044
0.000000
-0.000001
0.000044
0.000000
-0.000001
0.000044
0.000000
-0.000001
0.000043
0.000000
-0.000001
0.000043
0.000000
-0.000001
0.000043
0.000000
-0.000001
0.000043
0.000000
-0.000001
0.000044
0.000000
-0.000001
0.000044
0.000000
-0.000001
0.000044
0.000000
-0.000001
0.000044
0.000000
-0.000001
0.000043
0.000000
-0.000001
0.000043
0.000000
-0.000001
0.000044
0.000000
-0.000001
0.000044
0.000000
-0.000001
0.000045
0.000000
-0.000001
0.000045
0.000000
-0.000001
0.000045
0.000000
-0.000001
0.000045
0.000000
-0.000001
0.000044
0.000000
-0.000001
0.000044
0.000000
-0.000001
0.000044
0.000000
-0.000001
0.000044
0.000000
-0.000001
0.000043
0.000000
-0.000001
0.000043
0.000000
-0.000001
0.000043
0.000000
-0.000001
0.000043
0.000000
-0.000001
0.000043
0.000000
-0.000001
0.000043
0.000000
-0.000001
0.000041
0.000000
-0.000001
0.000041
0.000000
-0.000001
0.000036
0.000000
-0.000000
0.000036
0.000000
-0.000000
0.000037
0.000000
-0.000000
0.000037
0.000000
-0.000000
0.000037
0.000000
-0.000000
0.000037
0.000000
-0.000000
0.000047
0.000000
-0.000001
0.000047
0.000000
-0.000001
0.000092
0.000000
-0.000001
0.000092
0.000000
-0.000001
0.000061
-0.000000
-0.000018
0.000061
-0.000000
-0.000018
-0.001292
0.000004
0.004219
-0.001292
0.000004
0.004219
-0.001402
0.000003
0.004811
-0.001402
0.000003
0.004811
-0.001322
0.000001
0.004821
-0.001322
0.000001
0.004821
-0.001257
-0.000002
0.004878
-0.001257
-0.000002
0.004878
-0.001182
-0.000003
0.004862
-0.001182
-0.000003
0.004862
-0.001093
-0.000001
0.004779
-0.001093
-0.000001
0.004779
-0.001013
0.000003
0.004754
-0.001013
0.000003
0.004754
-0.000941
0.000007
0.004760
-0.000941
0.000007
0.004760
-0.000869
0.000008
0.004718
-0.000869
0.000008
0.004718
-0.000795
0.000006
0.004647
-0.000795
0.000006
0.004647
-0.000715
0.000002
0.004586
-0.000715
0.000002
0.004586
-0.000638
-0.000002
0.004519
-0.000638
-0.000002
0.004519
-0.000572
-0.000005
0.004459
-0.000572
-0.000005
0.004459
-0.000511
-0.000003
0.004419
-0.000511
-0.000003
0.004419
-0.000439
-0.000001
0.004343
-0.000439
-0.000001
0.004343
-0.000365
0.000001
0.004216
-0.000365
0.000001
0.004216
-0.000305
0.000001
0.004104
-0.000305
0.000001
0.004104
-0.000250
-0.000005
0.004014
-0.000250
-0.000005
0.004014
-0.000191
-0.000014
0.003871
-0.000191
-0.000014
0.003871
-0.000136
-0.000024
0.003654
-0.000136
-0.000024
0.003654
-0.000142
-0.000022
0.003424
-0.000142
-0.000022
0.003424
-0.000154
0.000005
0.003282
-0.000154
0.000005
0.003282
-0.000116
0.000043
0.003195
-0.000116
0.000043
0.003195
-0.000079
0.000080
0.003019
-0.000079
0.000080
0.003019
-0.000126
0.000097
0.002802
-0.000126
0.000097
0.002802
-0.000177
0.000081
0.002738
-0.000177
0.000081
0.002738
-0.000161
0.000054
0.002773
-0.000161
0.000054
0.002773
-0.000160
0.000031
0.002739
-0.000160
0.000031
0.002739
-0.000175
0.000015
0.002695
-0.000175
0.000015
0.002695
-0.000191
0.000008
0.002704
-0.000191
0.000008
0.002704
-0.000190
0.000005
0.002731
-0.000190
0.000005
0.002731
-0.000185
0.000002
0.002743
-0.000185
0.000002
0.002743
-0.000172
-0.000001
0.002742
-0.000172
-0.000001
0.002742
-0.000156
-0.000001
0.002727
-0.000156
-0.000001
0.002727
-0.000147
0.000000
0.002702
-0.000147
0.000000
0.002702
-0.000137
0.000000
0.002682
-0.000137
0.000000
0.002682
-0.000128
0.000000
0.002666
-0.000128
0.000000
0.002666
-0.000120
0.000000
0.002653
-0.000120
0.000000
0.002653
-0.000111
0.000000
0.002637
-0.000111
0.000000
0.002637
-0.000102
-0.000000
0.002623
-0.000102
-0.000000
0.002623
-0.000093
-0.000001
0.002637
-0.000093
-0.000001
0.002637
-0.000084
-0.000000
0.002665
-0.000084
-0.000000
0.002665
-0.000076
0.000000
0.002658
-0.000076
0.000000
0.002658
-0.000067
0.000001
0.002632
-0.000067
0.000001
0.002632
-0.000059
0.000001
0.002624
-0.000059
0.000001
0.002624
-0.000051
0.000000
0.002626
-0.000051
0.000000
0.002626
-0.000044
-0.000000
0.002608
-0.000044
-0.000000
0.002608
-0.000036
-0.000001
0.002578
-0.000036
-0.000001
0.002578
-0.000027
-0.000002
0.002552
-0.000027
-0.000002
0.002552
-0.000017
-0.000001
0.002522
-0.000017
-0.000001
0.002522
-0.000011
-0.000000
0.002487
-0.000011
-0.000000
0.002487
-0.000005
0.000001
0.002460
-0.000005
0.000001
0.002460
0.000003
0.000001
0.002440
0.000003
0.000001
0.002440
0.000010
0.000001
0.002404
0.000010
0.000001
0.002404
0.000016
-0.000001
0.002367
0.000016
-0.000001
0.002367
0.000021
-0.000002
0.002346
0.000021
-0.000002
0.002346
0.000029
-0.000002
0.002331
0.000029
-0.000002
0.002331
0.000037
-0.000002
0.002309
0.000037
-0.000002
0.002309
0.000041
-0.000000
0.002290
0.000041
-0.000000
0.002290
0.000046
0.000001
0.002291
0.000046
0.000001
0.002291
0.000053
0.000002
0.002280
0.000053
0.000002
0.002280
0.000060
0.000001
0.002257
0.000060
0.000001
0.002257
0.000064
-0.000001
0.002259
0.000064
-0.000001
0.002259
0.000068
-0.000002
0.002270
0.000068
-0.000002
0.002270
0.000076
-0.000003
0.002247
0.000076
-0.000003
0.002247
0.000082
-0.000002
0.002208
0.000082
-0.000002
0.002208
0.000086
-0.000000
0.002208
0.000086
-0.000000
0.002208
0.000090
0.000001
0.002219
0.000090
0.000001
0.002219
0.000096
0.000002
0.002169
0.000096
0.000002
0.002169
0.000100
0.000001
0.002090
0.000100
0.000001
0.002090
0.000102
-0.000002
0.002063
0.000102
-0.000002
0.002063
0.000105
-0.000005
0.002064
0.000105
-0.000005
0.002064
0.000112
-0.000006
0.002009
0.000112
-0.000006
0.002009
0.000115
-0.000005
0.001904
0.000115
-0.000005
0.001904
0.000113
-0.000003
0.001834
0.000113
-0.000003
0.001834
-0.001153
0.000003
0.003590
-0.001153
0.000003
0.003590
-0.001198
0.000003
0.003570
-0.001198
0.000003
0.003570
-0.001244
0.000002
0.003555
-0.001244
0.000002
0.003555
-0.001286
0.000002
0.003520
-0.001286
0.000002
0.003520
-0.001329
0.000002
0.003487
-0.001329
0.000002
0.003487
-0.001377
0.000002
0.003462
-0.001377
0.000002
0.003462
-0.001420
0.000001
0.003422
-0.001420
0.000001
0.003422
-0.001462
0.000001
0.003372
-0.001462
0.000001
0.003372
-0.001510
0.000001
0.003333
-0.001510
0.000001
0.003333
-0.001560
0.000001
0.003289
-0.001560
0.000001
0.003289
-0.001613
0.000001
0.003244
-0.001613
0.000001
0.003244
-0.001675
0.000002
0.003212
-0.001675
0.000002
0.003212
-0.001732
0.000003
0.003164
-0.001732
0.000003
0.003164
-0.001781
0.000004
0.003091
-0.001781
0.000004
0.003091
-0.001845
0.000004
0.003029
-0.001845
0.000004
0.003029
-0.001923
0.000003
0.002978
-0.001923
0.000003
0.002978
-0.001976
0.000002
0.002884
-0.001976
0.000002
0.002884
-0.002009
0.000001
0.002749
-0.002009
0.000001
0.002749
-0.002057
-0.000000
0.002626
-0.002057
-0.000000
0.002626
-0.002108
-0.000001
0.002489
-0.002108
-0.000001
0.002489
-0.002113
-0.000000
0.002292
-0.002113
-0.000000
0.002292
-0.002079
0.000001
0.002053
-0.002079
0.000001
0.002053
-0.002025
0.000001
0.001797
-0.002025
0.000001
0.001797
-0.001922
0.000002
0.001508
-0.001922
0.000002
0.001508
-0.001705
0.000002
0.001157
-0.001705
0.000002
0.001157
-0.001368
0.000002
0.000776
-0.001368
0.000002
0.000776
-0.000912
0.000001
0.000415
-0.000912
0.000001
0.000415
-0.000286
0.000000
0.000112
-0.000286
0.000000
0.000112
0.000045
0.000000
0.000013
0.000045
0.000000
0.000013
0.000066
0.000000
-0.000001
0.000066
0.000000
-0.000001
0.000034
0.000000
-0.000000
0.000034
0.000000
-0.000000
0.000031
0.000000
-0.000000
0.000031
0.000000
-0.000000
0.000034
0.000000
-0.000000
0.000034
0.000000
-0.000000
0.000034
0.000000
-0.000000
0.000034
0.000000
-0.000000
0.000037
0.000000
-0.000000
0.000037
0.000000
-0.000000
0.000037
0.000000
-0.000000
0.000037
0.000000
-0.000000
0.000038
0.000000
-0.000000
0.000038
0.000000
-0.000000
0.000039
0.000000
-0.000000
0.000039
0.000000
-0.000000
0.000040
0.000000
-0.000001
0.000040
0.000000
-0.000001
0.000040
0.000000
-0.000001
0.000040
0.000000
-0.000001
0.000040
0.000000
-0.000001
0.000040
0.000000
-0.000001
0.000040
0.000000
-0.000001
0.000040
0.000000
-0.000001
0.000041
0.000000
-0.000001
0.000041
0.000000
-0.000001
0.000041
0.000000
-0.000001
0.000041
0.000000
-0.000001
0.000041
0.000000
-0.000001
0.000041
0.000000
-0.000001
0.000041
0.000000
-0.000001
0.000041
0.000000
-0.000001
0.000042
0.000000
-0.000001
0.000042
0.000000
-0.000001
0.000042
0.000000
-0.000001
0.000042
0.000000
-0.000001
0.000041
0.000000
-0.000001
0.000041
0.000000
-0.000001
0.000041
0.000000
-0.000001
0.000041
0.000000
-0.000001
0.000042
0.000000
-0.000001
0.000042
0.000000
-0.000001
0.000042
0.000000
-0.000001
0.000042
0.000000
-0.000001
0.000041
0.000000
-0.000001
0.000041
0.000000
-0.000001
0.000041
0.000000
-0.000001
0.000041
0.000000
-0.000001
0.000042
0.000000
-0.000001
0.000042
0.000000
-0.000001
0.000042
0.000000
-0.000001
0.000042
0.000000
-0.000001
0.000042
0.000000
-0.000001
0.000042
0.000000
-0.000001
-0.000009
0.000001
0.000824
-0.000009
0.000001
0.000824
-0.000008
0.000001
0.000907
-0.000008
0.000001
0.000907
-0.000007
0.000001
0.000988
-0.000007
0.000001
0.000988
-0.000005
0.000001
0.001011
-0.000005
0.000001
0.001011
-0.000001
0.000001
0.000956
-0.000001
0.000001
0.000956
0.000001
0.000001
0.000861
0.000001
0.000001
0.000861
0.000002
0.000001
0.000734
0.000002
0.000001
0.000734
0.000004
-0.000000
0.000664
0.000004
-0.000000
0.000664
0.000005
-0.000001
0.000650
0.000005
-0.000001
0.000650
0.000005
-0.000000
0.000618
0.000005
-0.000000
0.000618
0.000007
0.000001
0.000559
0.000007
0.000001
0.000559
0.000007
0.000001
0.000504
0.000007
0.000001
0.000504
0.000007
0.000001
0.000483
0.000007
0.000001
0.000483
0.000008
-0.000000
0.000469
0.000008
-0.000000
0.000469
0.000008
-0.000001
0.000437
0.000008
-0.000001
0.000437
0.000007
-0.000000
0.000409
0.000007
-0.000000
0.000409
0.000008
0.000001
0.000380
0.000008
0.000001
0.000380
0.000008
0.000001
0.000375
0.000008
0.000001
0.000375
0.000009
0.000001
0.000435
0.000009
0.000001
0.000435
0.000012
-0.000001
0.000459
0.000012
-0.000001
0.000459
0.000010
-0.000001
0.000407
0.000010
-0.000001
0.000407
0.000010
-0.000000
0.000432
0.000010
-0.000000
0.000432
0.000015
0.000001
0.000527
0.000015
0.000001
0.000527
0.000015
0.000002
0.000559
0.000015
0.000002
0.000559
0.000015
0.000001
0.000567
0.000015
0.000001
0.000567
0.000018
-0.000001
0.000602
0.000018
-0.000001
0.000602
0.000018
-0.000002
0.000643
0.000018
-0.000002
0.000643
0.000020
-0.000001
0.000721
0.000020
-0.000001
0.000721
0.000025
0.000002
0.000784
0.000025
0.000002
0.000784
0.000024
0.000003
0.000771
0.000024
0.000003
0.000771
0.000024
0.000002
0.000785
0.000024
0.000002
0.000785
0.000029
-0.000001
0.000870
0.000029
-0.000001
0.000870
0.000030
-0.000002
0.000925
0.000030
-0.000002
0.000925
0.000029
-0.000001
0.000912
0.000029
-0.000001
0.000912
0.000031
0.000002
0.000876
0.000031
0.000002
0.000876
0.000031
0.000003
0.000898
0.000031
0.000003
0.000898
0.000034
0.000002
0.000985
0.000034
0.000002
0.000985
0.000037
-0.000001
0.000980
0.000037
-0.000001
0.000980
0.000032
-0.000003
0.000880
0.000032
-0.000003
0.000880
0.000032
-0.000001
0.000916
0.000032
-0.000001
0.000916
0.000041
0.000003
0.001030
0.000041
0.000003
0.001030
0.000038
0.000005
0.000992
0.000038
0.000005
0.000992
0.000034
0.000002
0.000928
0.000034
0.000002
0.000928
0.000042
-0.000002
0.001000
0.000042
-0.000002
0.001000
0.000041
-0.000004
0.001071
0.000041
-0.000004
0.001071
0.000038
-0.000001
0.001068
0.000038
-0.000001
0.001068
0.000044
0.000005
0.001058
0.000044
0.000005
0.001058
0.000041
0.000008
0.001077
0.000041
0.000008
0.001077
0.000042
0.000005
0.001162
0.000042
0.000005
0.001162
0.000048
-0.000003
0.001144
0.000048
-0.000003
0.001144
0.000033
-0.000005
0.000943
0.000033
-0.000005
0.000943
0.000024
0.000003
0.000918
0.000024
0.000003
0.000918
0.000033
0.000018
0.001043
0.000033
0.000018
0.001043
0.000017
0.000022
0.000832
0.000017
0.000022
0.000832
-0.000001
0.000012
0.000495
-0.000001
0.000012
0.000495
0.000000
0.000006
0.000410
0.000000
0.000006
0.000410
-0.000000
0.000004
0.000366
-0.000000
0.000004
0.000366
-0.000001
0.000003
0.000245
-0.000001
0.000003
0.000245
-0.000001
0.000001
0.000125
-0.000001
0.000001
0.000125
-0.000000
0.000000
0.000038
-0.000000
0.000000
0.000038
0.000000
-0.000000
-0.000012
0.000000
-0.000000
-0.000012
0.000000
-0.000000
-0.000031
0.000000
-0.000000
-0.000031
0.000000
-0.000000
-0.000039
0.000000
-0.000000
-0.000039
0.000000
-0.000001
-0.000051
0.000000
-0.000001
-0.000051
0.000001
-0.000001
-0.000056
0.000001
-0.000001
-0.000056
0.000001
-0.000001
-0.000051
0.000001
-0.000001
-0.000051
0.000001
-0.000001
-0.000049
0.000001
-0.000001
-0.000049
0.000001
-0.000001
-0.000048
0.000001
-0.000001
-0.000048
0.000001
-0.000001
-0.000046
0.000001
-0.000001
-0.000046
0.000000
-0.000000
-0.000039
0.000000
-0.000000
-0.000039
0.000000
-0.000000
-0.000033
0.000000
-0.000000
-0.000033
0.000000
-0.000000
-0.000013
0.000000
-0.000000
-0.000013
0.000000
-0.000000
-0.000013
0.000000
-0.000000
-0.000013
0.000124
-0.000001
0.001981
0.000124
-0.000001
0.001981
0.000147
-0.000000
0.002271
0.000147
-0.000000
0.002271
0.000169
-0.000001
0.002518
0.000169
-0.000001
0.002518
0.000179
-0.000004
0.002625
0.000179
-0.000004
0.002625
0.000182
-0.000005
0.002530
0.000182
-0.000005
0.002530
0.000179
-0.000001
0.002358
0.000179
-0.000001
0.002358
0.000173
0.000002
0.002182
0.000173
0.000002
0.002182
0.000166
-0.000000
0.001998
0.000166
-0.000000
0.001998
0.000154
-0.000002
0.001789
0.000154
-0.000002
0.001789
0.000153
0.000000
0.001705
0.000153
0.000000
0.001705
0.000162
0.000002
0.001740
0.000162
0.000002
0.001740
0.000158
-0.000000
0.001648
0.000158
-0.000000
0.001648
0.000144
-0.000002
0.001456
0.000144
-0.000002
0.001456
0.000154
0.000000
0.001506
0.000154
0.000000
0.001506
0.000188
0.000002
0.001777
0.000188
0.000002
0.001777
0.000194
-0.000000
0.001786
0.000194
-0.000000
0.001786
0.000174
-0.000002
0.001558
0.000174
-0.000002
0.001558
0.000184
0.000000
0.001606
0.000184
0.000000
0.001606
0.000223
0.000003
0.001896
0.000223
0.000003
0.001896
0.000235
-0.000000
0.001963
0.000235
-0.000000
0.001963
0.000224
-0.000003
0.001831
0.000224
-0.000003
0.001831
0.000225
-0.000000
0.001804
0.000225
-0.000000
0.001804
0.000236
0.000003
0.001858
0.000236
0.000003
0.001858
0.000245
-0.000000
0.001910
0.000245
-0.000000
0.001910
0.000258
-0.000003
0.001977
0.000258
-0.000003
0.001977
0.000252
-0.000000
0.001912
0.000252
-0.000000
0.001912
0.000232
0.000003
0.001743
0.000232
0.000003
0.001743
0.000232
0.000000
0.001726
0.000232
0.000000
0.001726
0.000245
-0.000003
0.001811
0.000245
-0.000003
0.001811
0.000228
-0.000000
0.001668
0.000228
-0.000000
0.001668
0.000184
0.000002
0.001340
0.000184
0.000002
0.001340
0.000175
-0.000000
0.001271
0.000175
-0.000000
0.001271
0.000199
-0.000002
0.001434
0.000199
-0.000002
0.001434
0.000180
-0.000000
0.001283
0.000180
-0.000000
0.001283
0.000118
0.000001
0.000847
0.000118
0.000001
0.000847
0.000107
-0.000000
0.000766
0.000107
-0.000000
0.000766
0.000140
-0.000001
0.000996
0.000140
-0.000001
0.000996
0.000127
-0.000000
0.000899
0.000127
-0.000000
0.000899
0.000075
0.000001
0.000534
0.000075
0.000001
0.000534
0.000069
-0.000000
0.000489
0.000069
-0.000000
0.000489
0.000100
-0.000001
0.000706
0.000100
-0.000001
0.000706
0.000098
0.000000
0.000691
0.000098
0.000000
0.000691
0.000067
0.000001
0.000477
0.000067
0.000001
0.000477
0.000067
-0.000000
0.000479
0.000067
-0.000000
0.000479
0.000098
-0.000001
0.000692
0.000098
-0.000001
0.000692
0.000102
0.000000
0.000723
0.000102
0.000000
0.000723
0.000079
0.000002
0.000564
0.000079
0.000002
0.000564
0.000074
0.000000
0.000527
0.000074
0.000000
0.000527
0.000089
-0.000001
0.000629
0.000089
-0.000001
0.000629
0.000095
0.000001
0.000672
0.000095
0.000001
0.000672
0.000088
0.000003
0.000622
0.000088
0.000003
0.000622
0.000077
0.000001
0.000544
0.000077
0.000001
0.000544
0.000071
-0.000001
0.000490
0.000071
-0.000001
0.000490
0.000072
0.000003
0.000484
0.000072
0.000003
0.000484
0.000071
0.000007
0.000480
0.000071
0.000007
0.000480
0.000055
0.000007
0.000376
0.000055
0.000007
0.000376
0.000030
0.000004
0.000214
0.000030
0.000004
0.000214
0.000018
0.000002
0.000143
0.000018
0.000002
0.000143
0.000017
0.000002
0.000149
0.000017
0.000002
0.000149
0.000017
0.000002
0.000154
0.000017
0.000002
0.000154
0.000015
0.000002
0.000135
0.000015
0.000002
0.000135
0.000012
0.000001
0.000110
0.000012
0.000001
0.000110
0.000010
0.000001
0.000093
0.000010
0.000001
0.000093
0.000009
0.000001
0.000088
0.000009
0.000001
0.000088
0.000009
0.000001
0.000084
0.000009
0.000001
0.000084
0.000008
0.000001
0.000075
0.000008
0.000001
0.000075
0.000007
0.000001
0.000064
0.000007
0.000001
0.000064
0.000006
0.000001
0.000055
0.000006
0.000001
0.000055
0.000005
0.000001
0.000049
0.000005
0.000001
0.000049
0.000004
0.000000
0.000042
0.000004
0.000000
0.000042
0.000004
0.000000
0.000040
0.000004
0.000000
0.000040
0.000002
0.000000
0.000025
0.000002
0.000000
0.000025
0.000002
0.000000
0.000018
0.000002
0.000000
0.000018
