0.004023
-0.000001
-0.000701
0.004023
-0.000001
-0.000701
0.003933
-0.000001
-0.000152
0.003933
-0.000001
-0.000152
0.003650
-0.000000
0.000480
0.003650
-0.000000
0.000480
0.002782
0.000000
0.001335
0.002782
0.000000
0.001335
0.001873
0.000000
0.001952
0.001873
0.000000
0.001952
0.001323
0.000001
0.002158
0.001323
0.000001
0.002158
0.001032
0.000001
0.002282
0.001032
0.000001
0.002282
0.000817
0.000001
0.002278
0.000817
0.000001
0.002278
0.000631
0.000001
0.002148
0.000631
0.000001
0.002148
0.000504
0.000000
0.002053
0.000504
0.000000
0.002053
0.000433
0.000000
0.002085
0.000433
0.000000
0.002085
0.000375
0.000000
0.002109
0.000375
0.000000
0.002109
0.000306
0.000000
0.001996
0.000306
0.000000
0.001996
0.000239
0.000000
0.001819
0.000239
0.000000
0.001819
0.000194
0.000000
0.001728
0.000194
0.000000
0.001728
0.000175
0.000000
0.001833
0.000175
0.000000
0.001833
0.000160
0.000000
0.001965
0.000160
0.000000
0.001965
0.000135
0.000000
0.001976
0.000135
0.000000
0.001976
0.000112
0.000000
0.002010
0.000112
0.000000
0.002010
0.000093
0.000000
0.002081
0.000093
0.000000
0.002081
0.000071
0.000000
0.002038
0.000071
0.000000
0.002038
0.000051
0.000000
0.002037
0.000051
0.000000
0.002037
0.000035
0.000000
0.002216
0.000035
0.000000
0.002216
0.000018
0.000000
0.002381
0.000018
0.000000
0.002381
-0.000001
0.000000
0.002445
-0.000001
0.000000
0.002445
-0.000020
0.000000
0.002494
-0.000020
0.000000
0.002494
-0.000036
0.000000
0.002560
-0.000036
0.000000
0.002560
-0.000043
0.000000
0.002577
-0.000043
0.000000
0.002577
-0.000042
0.000000
0.002560
-0.000042
0.000000
0.002560
-0.000046
0.000000
0.002760
-0.000046
0.000000
0.002760
-0.000057
0.000000
0.003411
-0.000057
0.000000
0.003411
-0.000069
0.000000
0.004154
-0.000069
0.000000
0.004154
-0.000075
0.000000
0.004544
-0.000075
0.000000
0.004544
-0.000070
0.000000
0.004222
-0.000070
0.000000
0.004222
-0.000054
0.000000
0.003236
-0.000054
0.000000
0.003236
-0.000044
0.000000
0.002636
-0.000044
0.000000
0.002636
-0.000045
0.000000
0.002711
-0.000045
0.000000
0.002711
-0.000040
0.000000
0.002381
-0.000040
0.000000
0.002381
-0.000023
0.000000
0.001373
-0.000023
0.000000
0.001373
-0.000014
0.000000
0.000833
-0.000014
0.000000
0.000833
-0.000017
0.000000
0.001012
-0.000017
0.000000
0.001012
-0.000020
0.000000
0.001205
-0.000020
0.000000
0.001205
-0.000021
0.000000
0.001241
-0.000021
0.000000
0.001241
-0.000023
0.000000
0.001379
-0.000023
0.000000
0.001379
-0.000026
0.000000
0.001595
-0.000026
0.000000
0.001595
-0.000034
0.000000
0.002052
-0.000034
0.000000
0.002052
-0.000049
0.000000
0.002956
-0.000049
0.000000
0.002956
-0.000058
0.000000
0.003518
-0.000058
0.000000
0.003518
-0.000058
0.000000
0.003482
-0.000058
0.000000
0.003482
-0.000063
0.000000
0.003778
-0.000063
0.000000
0.003778
-0.000078
0.000000
0.004676
-0.000078
0.000000
0.004676
-0.000087
0.000000
0.005214
-0.000087
0.000000
0.005214
-0.000086
0.000000
0.005155
-0.000086
0.000000
0.005155
-0.000082
0.000000
0.004966
-0.000082
0.000000
0.004966
-0.000080
0.000000
0.004815
-0.000080
0.000000
0.004815
-0.000079
0.000000
0.004789
-0.000079
0.000000
0.004789
-0.000079
0.000000
0.004744
-0.000079
0.000000
0.004744
-0.000070
0.000000
0.004224
-0.000070
0.000000
0.004224
-0.000055
0.000000
0.003333
-0.000055
0.000000
0.003333
-0.000046
0.000000
0.002799
-0.000046
0.000000
0.002799
-0.000044
0.000000
0.002635
-0.000044
0.000000
0.002635
-0.000032
0.000000
0.001919
-0.000032
0.000000
0.001919
-0.000010
0.000000
0.000582
-0.000010
0.000000
0.000582
0.000003
-0.000000
-0.000159
0.000003
-0.000000
-0.000159
0.000004
-0.000000
-0.000231
0.000004
-0.000000
-0.000231
0.000011
-0.000000
-0.000678
0.000011
-0.000000
-0.000678
0.000027
-0.000000
-0.001647
0.000027
-0.000000
-0.001647
0.000038
-0.000000
-0.002293
0.000038
-0.000000
-0.002293
0.000040
-0.000000
-0.002394
0.000040
-0.000000
-0.002394
0.000042
-0.000000
-0.002523
0.000042
-0.000000
-0.002523
0.000049
-0.000000
-0.002933
0.000049
-0.000000
-0.002933
0.000054
-0.000000
-0.003281
0.000054
-0.000000
-0.003281
0.000056
-0.000000
-0.003352
0.000056
-0.000000
-0.003352
0.000051
-0.000000
-0.003097
0.000051
-0.000000
-0.003097
0.000044
-0.000000
-0.002644
0.000044
-0.000000
-0.002644
0.000045
-0.000000
-0.002712
0.000045
-0.000000
-0.002712
0.000053
-0.000000
-0.003166
0.000053
-0.000000
-0.003166
0.000045
-0.000000
-0.002730
0.000045
-0.000000
-0.002730
0.000026
-0.000000
-0.001554
0.000026
-0.000000
-0.001554
0.000021
-0.000000
-0.001248
0.000021
-0.000000
-0.001248
0.000029
-0.000000
-0.001741
0.000029
-0.000000
-0.001741
0.000019
-0.000000
-0.001173
0.000019
-0.000000
-0.001173
-0.000007
0.000000
0.000395
-0.000007
0.000000
0.000395
-0.000013
0.000000
0.000778
-0.000013
0.000000
0.000778
-0.000001
0.000000
0.000088
-0.000001
0.000000
0.000088
-0.000010
0.000000
0.000586
-0.000010
0.000000
0.000586
-0.000037
0.000000
0.002218
-0.000037
0.000000
0.002218
-0.000044
0.000000
0.002676
-0.000044
0.000000
0.002676
-0.000033
0.000000
0.001970
-0.000033
0.000000
0.001970
-0.000039
0.000000
0.002330
-0.000039
0.000000
0.002330
-0.000061
0.000000
0.003669
-0.000061
0.000000
0.003669
-0.000065
0.000000
0.003939
-0.000065
0.000000
0.003939
-0.000054
0.000000
0.003272
-0.000054
0.000000
0.003272
-0.000060
0.000000
0.003603
-0.000060
0.000000
0.003603
-0.000079
0.000000
0.004782
-0.000079
0.000000
0.004782
-0.000081
0.000000
0.004901
-0.000081
0.000000
0.004901
-0.000067
0.000000
0.004022
-0.000067
0.000000
0.004022
-0.000064
0.000000
0.003883
-0.000064
0.000000
0.003883
-0.000077
0.000000
0.004658
-0.000077
0.000000
0.004658
-0.000084
0.000000
0.005054
-0.000084
0.000000
0.005054
-0.000081
0.000000
0.004875
-0.000081
0.000000
0.004875
-0.000079
0.000000
0.004742
-0.000079
0.000000
0.004742
-0.000079
0.000000
0.004745
-0.000079
0.000000
0.004745
-0.000081
0.000000
0.004853
-0.000081
0.000000
0.004853
-0.000260
0.000000
0.000000
-0.000260
0.000000
0.000000
-0.000257
0.000000
0.000000
-0.000257
0.000000
0.000000
-0.000255
0.000000
0.000000
-0.000255
0.000000
0.000000
-0.000248
0.000000
0.000000
-0.000248
0.000000
0.000000
-0.000244
0.000000
0.000000
-0.000244
0.000000
0.000000
-0.000247
0.000000
0.000000
-0.000247
0.000000
0.000000
-0.000243
0.000000
0.000000
-0.000243
0.000000
0.000000
-0.000230
0.000000
0.000000
-0.000230
0.000000
0.000000
-0.000221
0.000000
0.000000
-0.000221
0.000000
0.000000
-0.000216
0.000000
0.000000
-0.000216
0.000000
0.000000
-0.000210
0.000000
0.000000
-0.000210
0.000000
0.000000
-0.000196
0.000000
0.000000
-0.000196
0.000000
0.000000
-0.000178
0.000000
0.000000
-0.000178
0.000000
0.000000
-0.000179
0.000000
0.000000
-0.000179
0.000000
0.000000
-0.000190
0.000000
0.000000
-0.000190
0.000000
0.000000
-0.000168
0.000000
0.000000
-0.000168
0.000000
0.000000
-0.000145
0.000000
0.000000
-0.000145
0.000000
0.000000
-0.000166
0.000000
0.000000
-0.000166
0.000000
0.000000
-0.000193
0.000000
0.000000
-0.000193
0.000000
0.000000
-0.000174
0.000000
0.000000
-0.000174
0.000000
0.000000
-0.000117
0.000000
0.000000
-0.000117
0.000000
0.000000
-0.000051
0.000000
0.000000
-0.000051
0.000000
0.000000
-0.000036
0.000000
0.000000
-0.000036
0.000000
0.000000
-0.000084
0.000000
0.000000
-0.000084
0.000000
0.000000
-0.000054
0.000000
0.000000
-0.000054
0.000000
0.000000
0.000058
0.000000
0.000000
0.000058
0.000000
0.000000
0.000010
0.000000
0.000000
0.000010
0.000000
0.000000
0.000013
0.000000
0.000000
0.000013
0.000000
0.000000
0.000343
-0.000000
-0.000000
0.000343
-0.000000
-0.000000
0.000289
-0.000000
-0.000212
0.000289
-0.000000
-0.000212
-0.000841
0.000001
0.002754
-0.000841
0.000001
0.002754
-0.000647
0.000001
0.002219
-0.000647
0.000001
0.002219
-0.000505
0.000001
0.001858
-0.000505
0.000001
0.001858
-0.000604
0.000001
0.002361
-0.000604
0.000001
0.002361
-0.000676
0.000001
0.002806
-0.000676
0.000001
0.002806
-0.000679
0.000001
0.003004
-0.000679
0.000001
0.003004
-0.000674
0.000001
0.003191
-0.000674
0.000001
0.003191
-0.000692
0.000001
0.003514
-0.000692
0.000001
0.003514
-0.000745
0.000000
0.004082
-0.000745
0.000000
0.004082
-0.000820
0.000000
0.004865
-0.000820
0.000000
0.004865
-0.000858
0.000000
0.005539
-0.000858
0.000000
0.005539
-0.000847
0.000000
0.005995
-0.000847
0.000000
0.005995
-0.000815
-0.000000
0.006378
-0.000815
-0.000000
0.006378
-0.000784
-0.000000
0.006879
-0.000784
-0.000000
0.006879
-0.000754
-0.000001
0.007518
-0.000754
-0.000001
0.007518
-0.000700
-0.000001
0.008071
-0.000700
-0.000001
0.008071
-0.000605
-0.000001
0.008285
-0.000605
-0.000001
0.008285
-0.000492
-0.000002
0.008364
-0.000492
-0.000002
0.008364
-0.000383
-0.000002
0.008598
-0.000383
-0.000002
0.008598
-0.000266
-0.000003
0.008869
-0.000266
-0.000003
0.008869
-0.000134
-0.000003
0.008552
-0.000134
-0.000003
0.008552
-0.000003
-0.000003
0.007687
-0.000003
-0.000003
0.007687
0.000116
-0.000003
0.007329
0.000116
-0.000003
0.007329
0.000239
-0.000003
0.007445
0.000239
-0.000003
0.007445
0.000334
-0.000003
0.006913
0.000334
-0.000003
0.006913
0.000373
-0.000003
0.005703
0.000373
-0.000003
0.005703
0.000364
-0.000002
0.004708
0.000364
-0.000002
0.004708
0.000333
-0.000002
0.004155
0.000333
-0.000002
0.004155
0.000306
-0.000002
0.003819
0.000306
-0.000002
0.003819
0.000268
-0.000002
0.003344
0.000268
-0.000002
0.003344
0.000206
-0.000001
0.002574
0.000206
-0.000001
0.002574
0.000162
-0.000001
0.002030
0.000162
-0.000001
0.002030
0.000176
-0.000001
0.002199
0.000176
-0.000001
0.002199
0.000195
-0.000001
0.002436
0.000195
-0.000001
0.002436
0.000155
-0.000001
0.001941
0.000155
-0.000001
0.001941
0.000105
-0.000001
0.001307
0.000105
-0.000001
0.001307
0.000141
-0.000001
0.001760
0.000141
-0.000001
0.001760
0.000224
-0.000001
0.002797
0.000224
-0.000001
0.002797
0.000230
-0.000001
0.002870
0.000230
-0.000001
0.002870
0.000187
-0.000001
0.002335
0.000187
-0.000001
0.002335
0.000240
-0.000001
0.002999
0.000240
-0.000001
0.002999
0.000381
-0.000002
0.004762
0.000381
-0.000002
0.004762
0.000422
-0.000002
0.005274
0.000422
-0.000002
0.005274
0.000357
-0.000002
0.004459
0.000357
-0.000002
0.004459
0.000380
-0.000002
0.004752
0.000380
-0.000002
0.004752
0.000496
-0.000003
0.006200
0.000496
-0.000003
0.006200
0.000522
-0.000003
0.006524
0.000522
-0.000003
0.006524
0.000459
-0.000003
0.005738
0.000459
-0.000003
0.005738
0.000471
-0.000003
0.005887
0.000471
-0.000003
0.005887
0.000557
-0.000003
0.006962
0.000557
-0.000003
0.006962
0.000564
-0.000003
0.007051
0.000564
-0.000003
0.007051
0.000490
-0.000003
0.006121
0.000490
-0.000003
0.006121
0.000448
-0.000002
0.005602
0.000448
-0.000002
0.005602
0.000452
-0.000002
0.005650
0.000452
-0.000002
0.005650
0.000455
-0.000002
0.005685
0.000455
-0.000002
0.005685
0.000433
-0.000002
0.005413
0.000433
-0.000002
0.005413
0.000369
-0.000002
0.004609
0.000369
-0.000002
0.004609
0.000284
-0.000001
0.003552
0.000284
-0.000001
0.003552
0.000256
-0.000001
0.003194
0.000256
-0.000001
0.003194
0.000265
-0.000001
0.003309
0.000265
-0.000001
0.003309
0.000198
-0.000001
0.002477
0.000198
-0.000001
0.002477
0.000072
-0.000000
0.000897
0.000072
-0.000000
0.000897
0.000034
-0.000000
0.000431
0.000034
-0.000000
0.000431
0.000074
-0.000000
0.000930
0.000074
-0.000000
0.000930
0.000029
-0.000000
0.000366
0.000029
-0.000000
0.000366
-0.000087
0.000000
-0.001091
-0.000087
0.000000
-0.001091
-0.000123
0.000001
-0.001534
-0.000123
0.000001
-0.001534
-0.000089
0.000000
-0.001118
-0.000089
0.000000
-0.001118
-0.000123
0.000001
-0.001542
-0.000123
0.000001
-0.001542
-0.000221
0.000001
-0.002757
-0.000221
0.000001
-0.002757
-0.000242
0.000001
-0.003027
-0.000242
0.000001
-0.003027
-0.000187
0.000001
-0.002339
-0.000187
0.000001
-0.002339
-0.000205
0.000001
-0.002563
-0.000205
0.000001
-0.002563
-0.000293
0.000001
-0.003663
-0.000293
0.000001
-0.003663
-0.000289
0.000001
-0.003617
-0.000289
0.000001
-0.003617
-0.000820
0.000001
0.002565
-0.000820
0.000001
0.002565
-0.000780
0.000001
0.002338
-0.000780
0.000001
0.002338
-0.000836
0.000001
0.002396
-0.000836
0.000001
0.002396
-0.000955
0.000001
0.002625
-0.000955
0.000001
0.002625
-0.001001
0.000001
0.002640
-0.001001
0.000001
0.002640
-0.000946
0.000001
0.002393
-0.000946
0.000001
0.002393
-0.000908
0.000001
0.002196
-0.000908
0.000001
0.002196
-0.000957
0.000001
0.002213
-0.000957
0.000001
0.002213
-0.000991
0.000001
0.002195
-0.000991
0.000001
0.002195
-0.000941
0.000001
0.001993
-0.000941
0.000001
0.001993
-0.000870
0.000001
0.001758
-0.000870
0.000001
0.001758
-0.000829
0.000001
0.001596
-0.000829
0.000001
0.001596
-0.000747
0.000001
0.001371
-0.000747
0.000001
0.001371
-0.000568
0.000001
0.000992
-0.000568
0.000001
0.000992
-0.000442
0.000001
0.000729
-0.000442
0.000001
0.000729
-0.000402
0.000001
0.000626
-0.000402
0.000001
0.000626
-0.000245
0.000000
0.000365
-0.000245
0.000000
0.000365
0.000028
-0.000000
-0.000031
0.000028
-0.000000
-0.000031
0.000174
-0.000000
-0.000222
0.000174
-0.000000
-0.000222
0.000171
-0.000000
-0.000203
0.000171
-0.000000
-0.000203
0.000220
-0.000000
-0.000236
0.000220
-0.000000
-0.000236
0.000415
-0.000000
-0.000404
0.000415
-0.000000
-0.000404
0.000835
-0.000001
-0.000728
0.000835
-0.000001
-0.000728
0.001384
-0.000001
-0.001072
0.001384
-0.000001
-0.001072
0.001887
-0.000002
-0.001260
0.001887
-0.000002
-0.001260
0.002489
-0.000002
-0.001369
0.002489
-0.000002
-0.001369
0.003216
-0.000002
-0.001380
0.003216
-0.000002
-0.001380
0.003869
-0.000002
-0.001165
0.003869
-0.000002
-0.001165
0.000026
0.000000
-0.000078
0.000026
0.000000
-0.000078
-0.000028
0.000000
0.000000
-0.000028
0.000000
0.000000
-0.000230
0.000000
0.000000
-0.000230
0.000000
0.000000
-0.000321
0.000000
0.000000
-0.000321
0.000000
0.000000
-0.000283
0.000000
0.000000
-0.000283
0.000000
0.000000
-0.000251
0.000000
0.000000
-0.000251
0.000000
0.000000
-0.000234
0.000000
0.000000
-0.000234
0.000000
0.000000
-0.000242
0.000000
0.000000
-0.000242
0.000000
0.000000
-0.000262
0.000000
0.000000
-0.000262
0.000000
0.000000
-0.000274
0.000000
0.000000
-0.000274
0.000000
0.000000
-0.000279
0.000000
0.000000
-0.000279
0.000000
0.000000
-0.000282
0.000000
0.000000
-0.000282
0.000000
0.000000
-0.000277
0.000000
0.000000
-0.000277
0.000000
0.000000
-0.000275
0.000000
0.000000
-0.000275
0.000000
0.000000
-0.000275
0.000000
0.000000
-0.000275
0.000000
0.000000
-0.000271
0.000000
0.000000
-0.000271
0.000000
0.000000
-0.000276
0.000000
0.000000
-0.000276
0.000000
0.000000
-0.000280
0.000000
0.000000
-0.000280
0.000000
0.000000
-0.000277
0.000000
0.000000
-0.000277
0.000000
0.000000
-0.000273
0.000000
0.000000
-0.000273
0.000000
0.000000
-0.000269
0.000000
0.000000
-0.000269
0.000000
0.000000
-0.000271
0.000000
0.000000
-0.000271
0.000000
0.000000
-0.000275
0.000000
0.000000
-0.000275
0.000000
0.000000
-0.000273
0.000000
0.000000
-0.000273
0.000000
0.000000
-0.000266
0.000000
0.000000
-0.000266
0.000000
0.000000
-0.000265
0.000000
0.000000
-0.000265
0.000000
0.000000
-0.000269
0.000000
0.000000
-0.000269
0.000000
0.000000
-0.000270
0.000000
0.000000
-0.000270
0.000000
0.000000
-0.000264
0.000000
0.000000
-0.000264
0.000000
0.000000
-0.000091
0.000000
0.005470
-0.000091
0.000000
0.005470
-0.000100
0.000000
0.006030
-0.000100
0.000000
0.006030
-0.000099
0.000000
0.005968
-0.000099
0.000000
0.005968
-0.000111
0.000000
0.006674
-0.000111
0.000000
0.006674
-0.000135
0.000001
0.008108
-0.000135
0.000001
0.008108
-0.000122
0.000001
0.007360
-0.000122
0.000001
0.007360
-0.000080
0.000000
0.004826
-0.000080
0.000000
0.004826
-0.000080
0.000000
0.004806
-0.000080
0.000000
0.004806
-0.000115
0.000000
0.006933
-0.000115
0.000000
0.006933
-0.000104
0.000000
0.006254
-0.000104
0.000000
0.006254
-0.000050
0.000000
0.002983
-0.000050
0.000000
0.002983
-0.000043
0.000000
0.002607
-0.000043
0.000000
0.002607
-0.000082
0.000000
0.004945
-0.000082
0.000000
0.004945
-0.000070
0.000000
0.004214
-0.000070
0.000000
0.004214
-0.000009
0.000000
0.000572
-0.000009
0.000000
0.000572
-0.000000
0.000000
0.000011
-0.000000
0.000000
0.000011
-0.000038
0.000000
0.002318
-0.000038
0.000000
0.002318
-0.000023
0.000000
0.001376
-0.000023
0.000000
0.001376
0.000041
-0.000000
-0.002500
0.000041
-0.000000
-0.002500
0.000057
-0.000000
-0.003454
0.000057
-0.000000
-0.003454
0.000030
-0.000000
-0.001805
0.000030
-0.000000
-0.001805
0.000039
-0.000000
-0.002360
0.000039
-0.000000
-0.002360
0.000082
-0.000000
-0.004935
0.000082
-0.000000
-0.004935
0.000104
-0.000000
-0.006241
0.000104
-0.000000
-0.006241
0.000102
-0.000000
-0.006165
0.000102
-0.000000
-0.006165
0.000098
-0.000000
-0.005908
0.000098
-0.000000
-0.005908
0.000096
-0.000000
-0.005780
0.000096
-0.000000
-0.005780
0.000109
-0.000000
-0.006578
0.000109
-0.000000
-0.006578
0.000134
-0.000001
-0.008045
0.000134
-0.000001
-0.008045
0.000116
-0.000000
-0.006964
0.000116
-0.000000
-0.006964
0.000060
-0.000000
-0.003614
0.000060
-0.000000
-0.003614
0.000052
-0.000000
-0.003141
0.000052
-0.000000
-0.003141
0.000083
-0.000000
-0.005023
0.000083
-0.000000
-0.005023
0.000048
-0.000000
-0.002915
0.000048
-0.000000
-0.002915
-0.000042
0.000000
0.002514
-0.000042
0.000000
0.002514
-0.000066
0.000000
0.003951
-0.000066
0.000000
0.003951
-0.000035
0.000000
0.002113
-0.000035
0.000000
0.002113
-0.000061
0.000000
0.003646
-0.000061
0.000000
0.003646
-0.000129
0.000001
0.007772
-0.000129
0.000001
0.007772
-0.000152
0.000001
0.009136
-0.000152
0.000001
0.009136
-0.000140
0.000001
0.008415
-0.000140
0.000001
0.008415
-0.000136
0.000001
0.008208
-0.000136
0.000001
0.008208
-0.000135
0.000001
0.008126
-0.000135
0.000001
0.008126
-0.000130
0.000001
0.007847
-0.000130
0.000001
0.007847
-0.000124
0.000001
0.007445
-0.000124
0.000001
0.007445
-0.000086
0.000000
0.005156
-0.000086
0.000000
0.005156
-0.000019
0.000000
0.001140
-0.000019
0.000000
0.001140
0.000021
-0.000000
-0.001246
0.000021
-0.000000
-0.001246
0.000038
-0.000000
-0.002287
0.000038
-0.000000
-0.002287
0.000059
-0.000000
-0.003568
0.000059
-0.000000
-0.003568
0.000079
-0.000000
-0.004788
0.000079
-0.000000
-0.004788
0.000097
-0.000000
-0.005870
0.000097
-0.000000
-0.005870
0.000117
-0.000001
-0.007068
0.000117
-0.000001
-0.007068
0.000097
-0.000000
-0.005829
0.000097
-0.000000
-0.005829
0.000030
-0.000000
-0.001810
0.000030
-0.000000
-0.001810
-0.000001
0.000000
0.000087
-0.000001
0.000000
0.000087
0.000008
-0.000000
-0.000476
0.000008
-0.000000
-0.000476
0.000012
-0.000000
-0.000718
0.000012
-0.000000
-0.000718
0.000009
-0.000000
-0.000562
0.000009
-0.000000
-0.000562
0.000011
-0.000000
-0.000680
0.000011
-0.000000
-0.000680
0.000013
-0.000000
-0.000804
0.000013
-0.000000
-0.000804
0.000011
-0.000000
-0.000687
0.000011
-0.000000
-0.000687
0.000012
-0.000000
-0.000707
0.000012
-0.000000
-0.000707
0.000013
-0.000000
-0.000763
0.000013
-0.000000
-0.000763
0.000011
-0.000000
-0.000635
0.000011
-0.000000
-0.000635
0.000008
-0.000000
-0.000497
0.000008
-0.000000
-0.000497
0.000007
-0.000000
-0.000446
0.000007
-0.000000
-0.000446
0.000007
-0.000000
-0.000414
0.000007
-0.000000
-0.000414
0.000007
-0.000000
-0.000392
0.000007
-0.000000
-0.000392
0.000006
-0.000000
-0.000344
0.000006
-0.000000
-0.000344
0.000005
-0.000000
-0.000292
0.000005
-0.000000
-0.000292
0.000005
-0.000000
-0.000276
0.000005
-0.000000
-0.000276
0.000006
-0.000000
-0.000346
0.000006
-0.000000
-0.000346
-0.000220
0.000001
-0.002749
-0.000220
0.000001
-0.002749
-0.000263
0.000001
-0.003293
-0.000263
0.000001
-0.003293
-0.000421
0.000002
-0.005260
-0.000421
0.000002
-0.005260
-0.000449
0.000002
-0.005611
-0.000449
0.000002
-0.005611
-0.000306
0.000001
-0.003824
-0.000306
0.000001
-0.003824
-0.000211
0.000001
-0.002643
-0.000211
0.000001
-0.002643
-0.000176
0.000001
-0.002205
-0.000176
0.000001
-0.002205
-0.000136
0.000001
-0.001699
-0.000136
0.000001
-0.001699
-0.000121
0.000000
-0.001516
-0.000121
0.000000
-0.001516
-0.000013
0.000000
-0.000156
-0.000013
0.000000
-0.000156
0.000229
-0.000001
0.002856
0.000229
-0.000001
0.002856
0.000345
-0.000001
0.004315
0.000345
-0.000001
0.004315
0.000327
-0.000001
0.004081
0.000327
-0.000001
0.004081
0.000475
-0.000002
0.005937
0.000475
-0.000002
0.005937
0.000775
-0.000003
0.009686
0.000775
-0.000003
0.009686
0.000918
-0.000003
0.011468
0.000918
-0.000003
0.011468
0.000913
-0.000003
0.011411
0.000913
-0.000003
0.011411
0.001026
-0.000003
0.012824
0.001026
-0.000003
0.012824
0.001283
-0.000004
0.016027
0.001283
-0.000004
0.016027
0.001408
-0.000004
0.017590
0.001408
-0.000004
0.017590
0.001366
-0.000004
0.017069
0.001366
-0.000004
0.017069
0.001373
-0.000004
0.017159
0.001373
-0.000004
0.017159
0.001471
-0.000004
0.018379
0.001471
-0.000004
0.018379
0.001521
-0.000004
0.019003
0.001521
-0.000004
0.019003
0.001474
-0.000004
0.018425
0.001474
-0.000004
0.018425
0.001409
-0.000004
0.017606
0.001409
-0.000004
0.017606
0.001341
-0.000003
0.016755
0.001341
-0.000003
0.016755
0.001275
-0.000003
0.015934
0.001275
-0.000003
0.015934
0.001204
-0.000003
0.015040
0.001204
-0.000003
0.015040
0.001062
-0.000002
0.013266
0.001062
-0.000002
0.013266
0.000864
-0.000002
0.010791
0.000864
-0.000002
0.010791
0.000714
-0.000002
0.008928
0.000714
-0.000002
0.008928
0.000610
-0.000001
0.007618
0.000610
-0.000001
0.007618
0.000507
-0.000001
0.006342
0.000507
-0.000001
0.006342
0.000401
-0.000001
0.005016
0.000401
-0.000001
0.005016
0.000216
-0.000000
0.002695
0.000216
-0.000000
0.002695
-0.000013
0.000000
-0.000161
-0.000013
0.000000
-0.000161
-0.000012
0.000000
-0.000148
-0.000012
0.000000
-0.000148
0.000159
-0.000000
0.001988
0.000159
-0.000000
0.001988
0.000104
-0.000000
0.001297
0.000104
-0.000000
0.001297
-0.000108
0.000000
-0.001350
-0.000108
0.000000
-0.001350
-0.000039
0.000000
-0.000485
-0.000039
0.000000
-0.000485
0.000230
-0.000000
0.002873
0.000230
-0.000000
0.002873
0.000266
-0.000000
0.003325
0.000266
-0.000000
0.003325
0.000147
-0.000000
0.001835
0.000147
-0.000000
0.001835
0.000102
-0.000000
0.001269
0.000102
-0.000000
0.001269
0.000081
-0.000000
0.001006
0.000081
-0.000000
0.001006
0.000040
-0.000000
0.000504
0.000040
-0.000000
0.000504
0.000006
-0.000000
0.000075
0.000006
-0.000000
0.000075
-0.000151
0.000000
-0.001882
-0.000151
0.000000
-0.001882
-0.000445
0.000000
-0.005561
-0.000445
0.000000
-0.005561
-0.000600
0.000000
-0.007498
-0.000600
0.000000
-0.007498
-0.000611
0.000000
-0.007641
-0.000611
0.000000
-0.007641
-0.000599
0.000000
-0.007483
-0.000599
0.000000
-0.007483
-0.000550
0.000000
-0.006871
-0.000550
0.000000
-0.006871
-0.000459
0.000000
-0.005741
-0.000459
0.000000
-0.005741
-0.000350
0.000000
-0.004373
-0.000350
0.000000
-0.004373
-0.000342
0.000000
-0.004274
-0.000342
0.000000
-0.004274
-0.000407
0.000000
-0.005081
-0.000407
0.000000
-0.005081
-0.000375
0.000000
-0.004687
-0.000375
0.000000
-0.004687
-0.000270
0.000000
-0.003379
-0.000270
0.000000
-0.003379
-0.000211
0.000000
-0.002631
-0.000211
0.000000
-0.002631
-0.000197
0.000000
-0.002457
-0.000197
0.000000
-0.002457
-0.000180
0.000000
-0.002250
-0.000180
0.000000
-0.002250
-0.000151
0.000000
-0.001893
-0.000151
0.000000
-0.001893
-0.000125
0.000000
-0.001556
-0.000125
0.000000
-0.001556
-0.000106
0.000000
-0.001326
-0.000106
0.000000
-0.001326
-0.000093
0.000000
-0.001158
-0.000093
0.000000
-0.001158
-0.000078
0.000000
-0.000977
-0.000078
0.000000
-0.000977
-0.000061
0.000000
-0.000766
-0.000061
0.000000
-0.000766
-0.000045
0.000000
-0.000568
-0.000045
0.000000
-0.000568
-0.000034
0.000000
-0.000422
-0.000034
0.000000
-0.000422
-0.000021
0.000000
-0.000260
-0.000021
0.000000
-0.000260
