0.000025
0.000000
0.000015
0.000025
0.000000
0.000015
0.000570
-0.000000
-0.000006
0.000570
-0.000000
-0.000006
0.001103
-0.000000
0.000189
0.001103
-0.000000
0.000189
0.001464
0.000000
0.000803
0.001464
0.000000
0.000803
0.001369
0.000000
0.001453
0.001369
0.000000
0.001453
0.001016
0.000000
0.001646
0.001016
0.000000
0.001646
0.000724
0.000000
0.001591
0.000724
0.000000
0.001591
0.000537
0.000000
0.001496
0.000537
0.000000
0.001496
0.000411
0.000000
0.001398
0.000411
0.000000
0.001398
0.000322
0.000000
0.001310
0.000322
0.000000
0.001310
0.000257
0.000000
0.001231
0.000257
0.000000
0.001231
0.000207
0.000000
0.001162
0.000207
0.000000
0.001162
0.000169
0.000000
0.001102
0.000169
0.000000
0.001102
0.000138
0.000000
0.001050
0.000138
0.000000
0.001050
0.000113
0.000000
0.001004
0.000113
0.000000
0.001004
0.000093
0.000000
0.000964
0.000093
0.000000
0.000964
0.000076
0.000000
0.000929
0.000076
0.000000
0.000929
0.000061
0.000000
0.000899
0.000061
0.000000
0.000899
0.000049
0.000000
0.000873
0.000049
0.000000
0.000873
0.000038
0.000000
0.000850
0.000038
0.000000
0.000850
0.000029
0.000000
0.000830
0.000029
0.000000
0.000830
0.000020
0.000000
0.000814
0.000020
0.000000
0.000814
0.000013
0.000000
0.000800
0.000013
0.000000
0.000800
0.000006
0.000000
0.000789
0.000006
0.000000
0.000789
-0.000000
0.000000
0.000781
-0.000000
0.000000
0.000781
-0.000006
0.000000
0.000776
-0.000006
0.000000
0.000776
-0.000011
0.000000
0.000775
-0.000011
0.000000
0.000775
-0.000013
0.000000
0.000779
-0.000013
0.000000
0.000779
-0.000013
0.000000
0.000781
-0.000013
0.000000
0.000781
-0.000013
0.000000
0.000791
-0.000013
0.000000
0.000791
-0.000015
0.000000
0.000879
-0.000015
0.000000
0.000879
-0.000017
0.000000
0.001050
-0.000017
0.000000
0.001050
-0.000019
0.000000
0.001170
-0.000019
0.000000
0.001170
-0.000020
0.000000
0.001191
-0.000020
0.000000
0.001191
-0.000020
0.000000
0.001178
-0.000020
0.000000
0.001178
-0.000019
0.000000
0.001164
-0.000019
0.000000
0.001164
-0.000019
0.000000
0.001151
-0.000019
0.000000
0.001151
-0.000019
0.000000
0.001138
-0.000019
0.000000
0.001138
-0.000019
0.000000
0.001125
-0.000019
0.000000
0.001125
-0.000018
0.000000
0.001112
-0.000018
0.000000
0.001112
-0.000018
0.000000
0.001100
-0.000018
0.000000
0.001100
-0.000018
0.000000
0.001088
-0.000018
0.000000
0.001088
-0.000018
0.000000
0.001076
-0.000018
0.000000
0.001076
-0.000018
0.000000
0.001064
-0.000018
0.000000
0.001064
-0.000017
0.000000
0.001053
-0.000017
0.000000
0.001053
-0.000017
0.000000
0.001042
-0.000017
0.000000
0.001042
-0.000017
0.000000
0.001031
-0.000017
0.000000
0.001031
-0.000017
0.000000
0.001020
-0.000017
0.000000
0.001020
-0.000017
0.000000
0.001010
-0.000017
0.000000
0.001010
-0.000017
0.000000
0.001000
-0.000017
0.000000
0.001000
-0.000016
0.000000
0.000990
-0.000016
0.000000
0.000990
-0.000016
0.000000
0.000980
-0.000016
0.000000
0.000980
-0.000016
0.000000
0.000971
-0.000016
0.000000
0.000971
-0.000016
0.000000
0.000961
-0.000016
0.000000
0.000961
-0.000016
0.000000
0.000952
-0.000016
0.000000
0.000952
-0.000016
0.000000
0.000944
-0.000016
0.000000
0.000944
-0.000016
0.000000
0.000935
-0.000016
0.000000
0.000935
-0.000015
0.000000
0.000926
-0.000015
0.000000
0.000926
-0.000015
0.000000
0.000918
-0.000015
0.000000
0.000918
-0.000015
0.000000
0.000910
-0.000015
0.000000
0.000910
-0.000015
0.000000
0.000902
-0.000015
0.000000
0.000902
-0.000015
0.000000
0.000894
-0.000015
0.000000
0.000894
-0.000015
0.000000
0.000886
-0.000015
0.000000
0.000886
-0.000015
0.000000
0.000879
-0.000015
0.000000
0.000879
-0.000014
0.000000
0.000871
-0.000014
0.000000
0.000871
-0.000014
0.000000
0.000864
-0.000014
0.000000
0.000864
-0.000014
0.000000
0.000857
-0.000014
0.000000
0.000857
-0.000014
0.000000
0.000850
-0.000014
0.000000
0.000850
-0.000014
0.000000
0.000843
-0.000014
0.000000
0.000843
-0.000014
0.000000
0.000836
-0.000014
0.000000
0.000836
-0.000014
0.000000
0.000829
-0.000014
0.000000
0.000829
-0.000014
0.000000
0.000823
-0.000014
0.000000
0.000823
-0.000014
0.000000
0.000816
-0.000014
0.000000
0.000816
-0.000013
0.000000
0.000810
-0.000013
0.000000
0.000810
-0.000013
0.000000
0.000803
-0.000013
0.000000
0.000803
-0.000013
0.000000
0.000797
-0.000013
0.000000
0.000797
-0.000013
0.000000
0.000791
-0.000013
0.000000
0.000791
-0.000013
0.000000
0.000785
-0.000013
0.000000
0.000785
-0.000013
0.000000
0.000779
-0.000013
0.000000
0.000779
-0.000013
0.000000
0.000773
-0.000013
0.000000
0.000773
-0.000013
0.000000
0.000767
-0.000013
0.000000
0.000767
-0.000013
0.000000
0.000761
-0.000013
0.000000
0.000761
-0.000013
0.000000
0.000756
-0.000013
0.000000
0.000756
-0.000012
0.000000
0.000750
-0.000012
0.000000
0.000750
-0.000012
0.000000
0.000745
-0.000012
0.000000
0.000745
-0.000012
0.000000
0.000739
-0.000012
0.000000
0.000739
-0.000012
0.000000
0.000734
-0.000012
0.000000
0.000734
-0.000012
0.000000
0.000729
-0.000012
0.000000
0.000729
-0.000012
0.000000
0.000723
-0.000012
0.000000
0.000723
-0.000012
0.000000
0.000718
-0.000012
0.000000
0.000718
-0.000012
0.000000
0.000713
-0.000012
0.000000
0.000713
-0.000012
0.000000
0.000708
-0.000012
0.000000
0.000708
-0.000012
0.000000
0.000703
-0.000012
0.000000
0.000703
-0.000012
0.000000
0.000698
-0.000012
0.000000
0.000698
-0.000012
0.000000
0.000693
-0.000012
0.000000
0.000693
-0.000011
0.000000
0.000688
-0.000011
0.000000
0.000688
-0.000011
0.000000
0.000683
-0.000011
0.000000
0.000683
-0.000011
0.000000
0.000678
-0.000011
0.000000
0.000678
-0.000011
0.000000
0.000674
-0.000011
0.000000
0.000674
-0.000011
0.000000
0.000669
-0.000011
0.000000
0.000669
-0.000011
0.000000
0.000664
-0.000011
0.000000
0.000664
-0.000011
0.000000
0.000660
-0.000011
0.000000
0.000660
-0.000011
0.000000
0.000655
-0.000011
0.000000
0.000655
-0.000011
0.000000
0.000652
-0.000011
0.000000
0.000652
0.000006
0.000000
0.000000
0.000006
0.000000
0.000000
0.000006
0.000000
0.000000
0.000006
0.000000
0.000000
0.000006
0.000000
0.000000
0.000006
0.000000
0.000000
0.000006
0.000000
0.000000
0.000006
0.000000
0.000000
0.000006
0.000000
0.000000
0.000006
0.000000
0.000000
0.000006
0.000000
0.000000
0.000006
0.000000
0.000000
0.000006
0.000000
0.000000
0.000006
0.000000
0.000000
0.000007
0.000000
0.000000
0.000007
0.000000
0.000000
0.000007
0.000000
0.000000
0.000007
0.000000
0.000000
0.000007
0.000000
0.000000
0.000007
0.000000
0.000000
0.000007
0.000000
0.000000
0.000007
0.000000
0.000000
0.000007
0.000000
0.000000
0.000007
0.000000
0.000000
0.000007
0.000000
0.000000
0.000007
0.000000
0.000000
0.000008
0.000000
0.000000
0.000008
0.000000
0.000000
0.000008
0.000000
0.000000
0.000008
0.000000
0.000000
0.000008
0.000000
0.000000
0.000008
0.000000
0.000000
0.000008
0.000000
0.000000
0.000008
0.000000
0.000000
0.000008
0.000000
0.000000
0.000008
0.000000
0.000000
0.000009
0.000000
0.000000
0.000009
0.000000
0.000000
0.000009
0.000000
0.000000
0.000009
0.000000
0.000000
0.000009
0.000000
0.000000
0.000009
0.000000
0.000000
0.000008
0.000000
0.000000
0.000008
0.000000
0.000000
0.000008
0.000000
0.000000
0.000008
0.000000
0.000000
0.000007
0.000000
0.000000
0.000007
0.000000
0.000000
0.000006
0.000000
0.000000
0.000006
0.000000
0.000000
0.000007
0.000000
0.000000
0.000007
0.000000
0.000000
0.000000
0.000000
0.000000
0.000000
0.000000
0.000000
0.000008
0.000000
0.000000
0.000008
0.000000
0.000000
0.000057
-0.000000
-0.000000
0.000057
-0.000000
-0.000000
0.000045
-0.000000
-0.000008
0.000045
-0.000000
-0.000008
-0.001336
0.000002
0.004388
-0.001336
0.000002
0.004388
-0.001452
0.000002
0.005019
-0.001452
0.000002
0.005019
-0.001372
0.000002
0.005031
-0.001372
0.000002
0.005031
-0.001295
0.000002
0.005043
-0.001295
0.000002
0.005043
-0.001218
0.000001
0.005048
-0.001218
0.000001
0.005048
-0.001143
0.000001
0.005050
-0.001143
0.000001
0.005050
-0.001068
0.000001
0.005048
-0.001068
0.000001
0.005048
-0.000994
0.000001
0.005042
-0.000994
0.000001
0.005042
-0.000921
0.000001
0.005033
-0.000921
0.000001
0.005033
-0.000849
0.000000
0.005020
-0.000849
0.000000
0.005020
-0.000777
0.000000
0.005003
-0.000777
0.000000
0.005003
-0.000706
0.000000
0.004983
-0.000706
0.000000
0.004983
-0.000634
-0.000000
0.004958
-0.000634
-0.000000
0.004958
-0.000563
-0.000000
0.004928
-0.000563
-0.000000
0.004928
-0.000492
-0.000001
0.004892
-0.000492
-0.000001
0.004892
-0.000422
-0.000001
0.004851
-0.000422
-0.000001
0.004851
-0.000351
-0.000001
0.004803
-0.000351
-0.000001
0.004803
-0.000280
-0.000001
0.004747
-0.000280
-0.000001
0.004747
-0.000209
-0.000001
0.004683
-0.000209
-0.000001
0.004683
-0.000139
-0.000001
0.004608
-0.000139
-0.000001
0.004608
-0.000069
-0.000001
0.004521
-0.000069
-0.000001
0.004521
-0.000000
-0.000002
0.004420
-0.000000
-0.000002
0.004420
0.000067
-0.000002
0.004302
0.000067
-0.000002
0.004302
0.000133
-0.000002
0.004165
0.000133
-0.000002
0.004165
0.000196
-0.000002
0.004012
0.000196
-0.000002
0.004012
0.000254
-0.000002
0.003835
0.000254
-0.000002
0.003835
0.000280
-0.000002
0.003618
0.000280
-0.000002
0.003618
0.000272
-0.000002
0.003396
0.000272
-0.000002
0.003396
0.000258
-0.000002
0.003221
0.000258
-0.000002
0.003221
0.000247
-0.000002
0.003085
0.000247
-0.000002
0.003085
0.000237
-0.000002
0.002964
0.000237
-0.000002
0.002964
0.000229
-0.000001
0.002856
0.000229
-0.000001
0.002856
0.000221
-0.000001
0.002759
0.000221
-0.000001
0.002759
0.000214
-0.000001
0.002670
0.000214
-0.000001
0.002670
0.000207
-0.000001
0.002588
0.000207
-0.000001
0.002588
0.000201
-0.000001
0.002512
0.000201
-0.000001
0.002512
0.000195
-0.000001
0.002442
0.000195
-0.000001
0.002442
0.000190
-0.000001
0.002376
0.000190
-0.000001
0.002376
0.000185
-0.000001
0.002315
0.000185
-0.000001
0.002315
0.000181
-0.000001
0.002256
0.000181
-0.000001
0.002256
0.000176
-0.000001
0.002201
0.000176
-0.000001
0.002201
0.000172
-0.000001
0.002149
0.000172
-0.000001
0.002149
0.000168
-0.000001
0.002100
0.000168
-0.000001
0.002100
0.000164
-0.000001
0.002053
0.000164
-0.000001
0.002053
0.000161
-0.000001
0.002008
0.000161
-0.000001
0.002008
0.000157
-0.000001
0.001965
0.000157
-0.000001
0.001965
0.000154
-0.000001
0.001924
0.000154
-0.000001
0.001924
0.000151
-0.000001
0.001885
0.000151
-0.000001
0.001885
0.000148
-0.000001
0.001847
0.000148
-0.000001
0.001847
0.000145
-0.000001
0.001810
0.000145
-0.000001
0.001810
0.000142
-0.000001
0.001775
0.000142
-0.000001
0.001775
0.000139
-0.000001
0.001741
0.000139
-0.000001
0.001741
0.000137
-0.000001
0.001709
0.000137
-0.000001
0.001709
0.000134
-0.000001
0.001677
0.000134
-0.000001
0.001677
0.000132
-0.000001
0.001647
0.000132
-0.000001
0.001647
0.000129
-0.000001
0.001617
0.000129
-0.000001
0.001617
0.000127
-0.000001
0.001588
0.000127
-0.000001
0.001588
0.000125
-0.000001
0.001561
0.000125
-0.000001
0.001561
0.000123
-0.000001
0.001534
0.000123
-0.000001
0.001534
0.000121
-0.000001
0.001507
0.000121
-0.000001
0.001507
0.000119
-0.000001
0.001482
0.000119
-0.000001
0.001482
0.000117
-0.000001
0.001457
0.000117
-0.000001
0.001457
0.000115
-0.000001
0.001433
0.000115
-0.000001
0.001433
0.000113
-0.000001
0.001409
0.000113
-0.000001
0.001409
0.000111
-0.000001
0.001387
0.000111
-0.000001
0.001387
0.000109
-0.000001
0.001364
0.000109
-0.000001
0.001364
0.000107
-0.000001
0.001342
0.000107
-0.000001
0.001342
0.000106
-0.000001
0.001321
0.000106
-0.000001
0.001321
0.000104
-0.000000
0.001300
0.000104
-0.000000
0.001300
0.000102
-0.000000
0.001280
0.000102
-0.000000
0.001280
0.000101
-0.000000
0.001260
0.000101
-0.000000
0.001260
0.000099
-0.000000
0.001240
0.000099
-0.000000
0.001240
0.000098
-0.000000
0.001221
0.000098
-0.000000
0.001221
0.000096
-0.000000
0.001203
0.000096
-0.000000
0.001203
0.000094
-0.000000
0.001180
0.000094
-0.000000
0.001180
-0.001199
0.000002
0.003748
-0.001199
0.000002
0.003748
-0.001246
0.000002
0.003732
-0.001246
0.000002
0.003732
-0.001295
0.000002
0.003718
-0.001295
0.000002
0.003718
-0.001345
0.000002
0.003700
-0.001345
0.000002
0.003700
-0.001396
0.000002
0.003680
-0.001396
0.000002
0.003680
-0.001448
0.000002
0.003657
-0.001448
0.000002
0.003657
-0.001501
0.000002
0.003631
-0.001501
0.000002
0.003631
-0.001556
0.000002
0.003602
-0.001556
0.000002
0.003602
-0.001612
0.000002
0.003568
-0.001612
0.000002
0.003568
-0.001669
0.000003
0.003530
-0.001669
0.000003
0.003530
-0.001727
0.000003
0.003487
-0.001727
0.000003
0.003487
-0.001786
0.000003
0.003437
-0.001786
0.000003
0.003437
-0.001847
0.000003
0.003380
-0.001847
0.000003
0.003380
-0.001907
0.000003
0.003315
-0.001907
0.000003
0.003315
-0.001968
0.000003
0.003240
-0.001968
0.000003
0.003240
-0.002028
0.000003
0.003154
-0.002028
0.000003
0.003154
-0.002087
0.000003
0.003053
-0.002087
0.000003
0.003053
-0.002141
0.000003
0.002937
-0.002141
0.000003
0.002937
-0.002189
0.000003
0.002800
-0.002189
0.000003
0.002800
-0.002227
0.000003
0.002639
-0.002227
0.000003
0.002639
-0.002249
0.000003
0.002450
-0.002249
0.000003
0.002450
-0.002246
0.000002
0.002227
-0.002246
0.000002
0.002227
-0.002205
0.000002
0.001964
-0.002205
0.000002
0.001964
-0.002110
0.000002
0.001659
-0.002110
0.000002
0.001659
-0.001934
0.000002
0.001311
-0.001934
0.000002
0.001311
-0.001652
0.000001
0.000933
-0.001652
0.000001
0.000933
-0.001216
0.000001
0.000548
-0.001216
0.000001
0.000548
-0.000608
0.000000
0.000209
-0.000608
0.000000
0.000209
0.000028
-0.000000
0.000003
0.000028
-0.000000
0.000003
0.000037
0.000000
0.000000
0.000037
0.000000
0.000000
0.000008
0.000000
0.000000
0.000008
0.000000
0.000000
0.000003
0.000000
0.000000
0.000003
0.000000
0.000000
0.000007
0.000000
0.000000
0.000007
0.000000
0.000000
0.000007
0.000000
0.000000
0.000007
0.000000
0.000000
0.000008
0.000000
0.000000
0.000008
0.000000
0.000000
0.000008
0.000000
0.000000
0.000008
0.000000
0.000000
0.000008
0.000000
0.000000
0.000008
0.000000
0.000000
0.000009
0.000000
0.000000
0.000009
0.000000
0.000000
0.000009
0.000000
0.000000
0.000009
0.000000
0.000000
0.000009
0.000000
0.000000
0.000009
0.000000
0.000000
0.000009
0.000000
0.000000
0.000009
0.000000
0.000000
0.000009
0.000000
0.000000
0.000009
0.000000
0.000000
0.000008
0.000000
0.000000
0.000008
0.000000
0.000000
0.000008
0.000000
0.000000
0.000008
0.000000
0.000000
0.000008
0.000000
0.000000
0.000008
0.000000
0.000000
0.000008
0.000000
0.000000
0.000008
0.000000
0.000000
0.000008
0.000000
0.000000
0.000008
0.000000
0.000000
0.000008
0.000000
0.000000
0.000008
0.000000
0.000000
0.000007
0.000000
0.000000
0.000007
0.000000
0.000000
0.000007
0.000000
0.000000
0.000007
0.000000
0.000000
0.000007
0.000000
0.000000
0.000007
0.000000
0.000000
0.000007
0.000000
0.000000
0.000007
0.000000
0.000000
0.000007
0.000000
0.000000
0.000007
0.000000
0.000000
0.000007
0.000000
0.000000
0.000007
0.000000
0.000000
0.000006
0.000000
0.000000
0.000006
0.000000
0.000000
0.000006
0.000000
0.000000
0.000006
0.000000
0.000000
0.000006
0.000000
0.000000
0.000006
0.000000
0.000000
-0.000012
0.000000
0.000713
-0.000012
0.000000
0.000713
-0.000014
0.000000
0.000848
-0.000014
0.000000
0.000848
-0.000017
0.000000
0.001001
-0.000017
0.000000
0.001001
-0.000018
0.000000
0.001076
-0.000018
0.000000
0.001076
-0.000018
0.000000
0.001063
-0.000018
0.000000
0.001063
-0.000017
0.000000
0.001050
-0.000017
0.000000
0.001050
-0.000017
0.000000
0.001038
-0.000017
0.000000
0.001038
-0.000017
0.000000
0.001026
-0.000017
0.000000
0.001026
-0.000017
0.000000
0.001014
-0.000017
0.000000
0.001014
-0.000017
0.000000
0.001002
-0.000017
0.000000
0.001002
-0.000016
0.000000
0.000990
-0.000016
0.000000
0.000990
-0.000016
0.000000
0.000978
-0.000016
0.000000
0.000978
-0.000016
0.000000
0.000966
-0.000016
0.000000
0.000966
-0.000016
0.000000
0.000955
-0.000016
0.000000
0.000955
-0.000016
0.000000
0.000943
-0.000016
0.000000
0.000943
-0.000015
0.000000
0.000932
-0.000015
0.000000
0.000932
-0.000015
0.000000
0.000921
-0.000015
0.000000
0.000921
-0.000015
0.000000
0.000909
-0.000015
0.000000
0.000909
-0.000015
0.000000
0.000898
-0.000015
0.000000
0.000898
-0.000015
0.000000
0.000887
-0.000015
0.000000
0.000887
-0.000015
0.000000
0.000876
-0.000015
0.000000
0.000876
-0.000014
0.000000
0.000865
-0.000014
0.000000
0.000865
-0.000014
0.000000
0.000854
-0.000014
0.000000
0.000854
-0.000014
0.000000
0.000843
-0.000014
0.000000
0.000843
-0.000014
0.000000
0.000832
-0.000014
0.000000
0.000832
-0.000014
0.000000
0.000821
-0.000014
0.000000
0.000821
-0.000013
0.000000
0.000809
-0.000013
0.000000
0.000809
-0.000013
0.000000
0.000798
-0.000013
0.000000
0.000798
-0.000013
0.000000
0.000787
-0.000013
0.000000
0.000787
-0.000013
0.000000
0.000776
-0.000013
0.000000
0.000776
-0.000013
0.000000
0.000765
-0.000013
0.000000
0.000765
-0.000013
0.000000
0.000753
-0.000013
0.000000
0.000753
-0.000012
0.000000
0.000742
-0.000012
0.000000
0.000742
-0.000012
0.000000
0.000731
-0.000012
0.000000
0.000731
-0.000012
0.000000
0.000719
-0.000012
0.000000
0.000719
-0.000012
0.000000
0.000707
-0.000012
0.000000
0.000707
-0.000012
0.000000
0.000695
-0.000012
0.000000
0.000695
-0.000011
0.000000
0.000683
-0.000011
0.000000
0.000683
-0.000011
0.000000
0.000671
-0.000011
0.000000
0.000671
-0.000011
0.000000
0.000658
-0.000011
0.000000
0.000658
-0.000011
0.000000
0.000646
-0.000011
0.000000
0.000646
-0.000010
0.000000
0.000632
-0.000010
0.000000
0.000632
-0.000010
0.000000
0.000619
-0.000010
0.000000
0.000619
-0.000010
0.000000
0.000605
-0.000010
0.000000
0.000605
-0.000010
0.000000
0.000590
-0.000010
0.000000
0.000590
-0.000010
0.000000
0.000575
-0.000010
0.000000
0.000575
-0.000009
0.000000
0.000560
-0.000009
0.000000
0.000560
-0.000009
0.000000
0.000543
-0.000009
0.000000
0.000543
-0.000009
0.000000
0.000526
-0.000009
0.000000
0.000526
-0.000008
0.000000
0.000507
-0.000008
0.000000
0.000507
-0.000008
0.000000
0.000487
-0.000008
0.000000
0.000487
-0.000008
0.000000
0.000465
-0.000008
0.000000
0.000465
-0.000007
0.000000
0.000441
-0.000007
0.000000
0.000441
-0.000007
0.000000
0.000415
-0.000007
0.000000
0.000415
-0.000006
0.000000
0.000386
-0.000006
0.000000
0.000386
-0.000006
0.000000
0.000336
-0.000006
0.000000
0.000336
-0.000004
0.000000
0.000262
-0.000004
0.000000
0.000262
-0.000003
0.000000
0.000193
-0.000003
0.000000
0.000193
-0.000002
0.000000
0.000140
-0.000002
0.000000
0.000140
-0.000002
0.000000
0.000100
-0.000002
0.000000
0.000100
-0.000001
0.000000
0.000069
-0.000001
0.000000
0.000069
-0.000001
0.000000
0.000046
-0.000001
0.000000
0.000046
-0.000000
0.000000
0.000029
-0.000000
0.000000
0.000029
-0.000000
0.000000
0.000017
-0.000000
0.000000
0.000017
-0.000000
0.000000
0.000008
-0.000000
0.000000
0.000008
-0.000000
0.000000
0.000001
-0.000000
0.000000
0.000001
0.000000
-0.000000
-0.000004
0.000000
-0.000000
-0.000004
0.000000
-0.000000
-0.000006
0.000000
-0.000000
-0.000006
0.000000
-0.000000
-0.000009
0.000000
-0.000000
-0.000009
0.000000
-0.000000
-0.000008
0.000000
-0.000000
-0.000008
0.000000
-0.000000
-0.000011
0.000000
-0.000000
-0.000011
-0.000000
0.000000
0.000001
-0.000000
0.000000
0.000001
-0.000000
0.000000
0.000002
-0.000000
0.000000
0.000002
0.000102
-0.000000
0.001272
0.000102
-0.000000
0.001272
0.000120
-0.000001
0.001501
0.000120
-0.000001
0.001501
0.000141
-0.000001
0.001764
0.000141
-0.000001
0.001764
0.000154
-0.000001
0.001929
0.000154
-0.000001
0.001929
0.000154
-0.000001
0.001926
0.000154
-0.000001
0.001926
0.000150
-0.000001
0.001873
0.000150
-0.000001
0.001873
0.000146
-0.000001
0.001823
0.000146
-0.000001
0.001823
0.000142
-0.000001
0.001775
0.000142
-0.000001
0.001775
0.000138
-0.000001
0.001728
0.000138
-0.000001
0.001728
0.000135
-0.000001
0.001681
0.000135
-0.000001
0.001681
0.000131
-0.000000
0.001637
0.000131
-0.000000
0.001637
0.000127
-0.000000
0.001593
0.000127
-0.000000
0.001593
0.000124
-0.000000
0.001550
0.000124
-0.000000
0.001550
0.000121
-0.000000
0.001508
0.000121
-0.000000
0.001508
0.000117
-0.000000
0.001467
0.000117
-0.000000
0.001467
0.000114
-0.000000
0.001427
0.000114
-0.000000
0.001427
0.000111
-0.000000
0.001388
0.000111
-0.000000
0.001388
0.000108
-0.000000
0.001350
0.000108
-0.000000
0.001350
0.000105
-0.000000
0.001312
0.000105
-0.000000
0.001312
0.000102
-0.000000
0.001275
0.000102
-0.000000
0.001275
0.000099
-0.000000
0.001239
0.000099
-0.000000
0.001239
0.000096
-0.000000
0.001203
0.000096
-0.000000
0.001203
0.000093
-0.000000
0.001168
0.000093
-0.000000
0.001168
0.000091
-0.000000
0.001133
0.000091
-0.000000
0.001133
0.000088
-0.000000
0.001099
0.000088
-0.000000
0.001099
0.000085
-0.000000
0.001065
0.000085
-0.000000
0.001065
0.000083
-0.000000
0.001032
0.000083
-0.000000
0.001032
0.000080
-0.000000
0.000999
0.000080
-0.000000
0.000999
0.000077
-0.000000
0.000967
0.000077
-0.000000
0.000967
0.000075
-0.000000
0.000935
0.000075
-0.000000
0.000935
0.000072
-0.000000
0.000903
0.000072
-0.000000
0.000903
0.000070
-0.000000
0.000872
0.000070
-0.000000
0.000872
0.000067
-0.000000
0.000841
0.000067
-0.000000
0.000841
0.000065
-0.000000
0.000810
0.000065
-0.000000
0.000810
0.000062
-0.000000
0.000779
0.000062
-0.000000
0.000779
0.000060
-0.000000
0.000749
0.000060
-0.000000
0.000749
0.000058
-0.000000
0.000719
0.000058
-0.000000
0.000719
0.000055
-0.000000
0.000689
0.000055
-0.000000
0.000689
0.000053
-0.000000
0.000660
0.000053
-0.000000
0.000660
0.000050
-0.000000
0.000630
0.000050
-0.000000
0.000630
0.000048
-0.000000
0.000601
0.000048
-0.000000
0.000601
0.000046
-0.000000
0.000572
0.000046
-0.000000
0.000572
0.000043
-0.000000
0.000543
0.000043
-0.000000
0.000543
0.000041
-0.000000
0.000515
0.000041
-0.000000
0.000515
0.000039
-0.000000
0.000486
0.000039
-0.000000
0.000486
0.000037
-0.000000
0.000458
0.000037
-0.000000
0.000458
0.000034
-0.000000
0.000430
0.000034
-0.000000
0.000430
0.000032
-0.000000
0.000401
0.000032
-0.000000
0.000401
0.000030
-0.000000
0.000374
0.000030
-0.000000
0.000374
0.000028
-0.000000
0.000346
0.000028
-0.000000
0.000346
0.000025
-0.000000
0.000319
0.000025
-0.000000
0.000319
0.000023
-0.000000
0.000292
0.000023
-0.000000
0.000292
0.000021
-0.000000
0.000265
0.000021
-0.000000
0.000265
0.000019
-0.000000
0.000239
0.000019
-0.000000
0.000239
0.000017
-0.000000
0.000215
0.000017
-0.000000
0.000215
0.000014
-0.000000
0.000181
0.000014
-0.000000
0.000181
0.000011
-0.000000
0.000138
0.000011
-0.000000
0.000138
0.000008
-0.000000
0.000105
0.000008
-0.000000
0.000105
0.000006
-0.000000
0.000081
0.000006
-0.000000
0.000081
0.000005
-0.000000
0.000064
0.000005
-0.000000
0.000064
0.000004
-0.000000
0.000052
0.000004
-0.000000
0.000052
0.000003
-0.000000
0.000043
0.000003
-0.000000
0.000043
0.000003
-0.000000
0.000036
0.000003
-0.000000
0.000036
0.000002
-0.000000
0.000030
0.000002
-0.000000
0.000030
0.000002
-0.000000
0.000026
0.000002
-0.000000
0.000026
0.000002
-0.000000
0.000022
0.000002
-0.000000
0.000022
0.000002
-0.000000
0.000020
0.000002
-0.000000
0.000020
0.000001
-0.000000
0.000017
0.000001
-0.000000
0.000017
0.000001
-0.000000
0.000015
0.000001
-0.000000
0.000015
0.000001
-0.000000
0.000011
0.000001
-0.000000
0.000011
0.000001
-0.000000
0.000012
0.000001
-0.000000
0.000012
0.000000
-0.000000
0.000004
0.000000
-0.000000
0.000004
-0.000000
0.000000
-0.000001
-0.000000
0.000000
-0.000001
