0.000405
-0.000001
-0.000053
0.000405
-0.000001
-0.000053
0.000908
-0.000001
-0.000026
0.000908
-0.000001
-0.000026
0.001400
-0.000002
0.000208
0.001400
-0.000002
0.000208
0.001638
-0.000004
0.000837
0.001638
-0.000004
0.000837
0.001399
-0.000008
0.001444
0.001399
-0.000008
0.001444
0.000977
-0.000012
0.001577
0.000977
-0.000012
0.001577
0.000666
-0.000015
0.001485
0.000666
-0.000015
0.001485
0.000493
-0.000016
0.001373
0.000493
-0.000016
0.001373
0.000383
-0.000012
0.001264
0.000383
-0.000012
0.001264
0.000290
-0.000007
0.001152
0.000290
-0.000007
0.001152
0.000223
-0.000003
0.001055
0.000223
-0.000003
0.001055
0.000175
0.000000
0.000972
0.000175
0.000000
0.000972
0.000136
0.000003
0.000898
0.000136
0.000003
0.000898
0.000117
0.000004
0.000843
0.000117
0.000004
0.000843
0.000100
0.000003
0.000781
0.000100
0.000003
0.000781
0.000076
0.000000
0.000700
0.000076
0.000000
0.000700
0.000057
-0.000002
0.000628
0.000057
-0.000002
0.000628
0.000042
-0.000003
0.000568
0.000042
-0.000003
0.000568
0.000029
-0.000004
0.000508
0.000029
-0.000004
0.000508
0.000016
-0.000006
0.000444
0.000016
-0.000006
0.000444
0.000006
-0.000007
0.000388
0.000006
-0.000007
0.000388
-0.000000
-0.000008
0.000346
-0.000000
-0.000008
0.000346
-0.000005
-0.000010
0.000297
-0.000005
-0.000010
0.000297
-0.000009
-0.000011
0.000257
-0.000009
-0.000011
0.000257
-0.000010
-0.000010
0.000202
-0.000010
-0.000010
0.000202
-0.000009
-0.000006
0.000104
-0.000009
-0.000006
0.000104
-0.000019
-0.000005
0.000109
-0.000019
-0.000005
0.000109
-0.000043
-0.000009
0.000229
-0.000043
-0.000009
0.000229
-0.000060
-0.000010
0.000305
-0.000060
-0.000010
0.000305
-0.000071
-0.000008
0.000346
-0.000071
-0.000008
0.000346
-0.000091
-0.000007
0.000429
-0.000091
-0.000007
0.000429
-0.000126
-0.000005
0.000557
-0.000126
-0.000005
0.000557
-0.000165
-0.000002
0.000695
-0.000165
-0.000002
0.000695
-0.000195
0.000001
0.000797
-0.000195
0.000001
0.000797
-0.000219
0.000007
0.000876
-0.000219
0.000007
0.000876
-0.000231
0.000010
0.000968
-0.000231
0.000010
0.000968
-0.000233
0.000007
0.001022
-0.000233
0.000007
0.001022
-0.000238
0.000000
0.001025
-0.000238
0.000000
0.001025
-0.000248
-0.000007
0.001052
-0.000248
-0.000007
0.001052
-0.000248
-0.000010
0.001106
-0.000248
-0.000010
0.001106
-0.000241
-0.000007
0.001129
-0.000241
-0.000007
0.001129
-0.000243
0.000001
0.001117
-0.000243
0.000001
0.001117
-0.000251
0.000009
0.001130
-0.000251
0.000009
0.001130
-0.000249
0.000014
0.001181
-0.000249
0.000014
0.001181
-0.000241
0.000009
0.001203
-0.000241
0.000009
0.001203
-0.000244
0.000000
0.001183
-0.000244
0.000000
0.001183
-0.000253
-0.000009
0.001191
-0.000253
-0.000009
0.001191
-0.000246
-0.000014
0.001234
-0.000246
-0.000014
0.001234
-0.000234
-0.000009
0.001244
-0.000234
-0.000009
0.001244
-0.000237
0.000002
0.001217
-0.000237
0.000002
0.001217
-0.000247
0.000013
0.001218
-0.000247
0.000013
0.001218
-0.000242
0.000019
0.001265
-0.000242
0.000019
0.001265
-0.000232
0.000013
0.001283
-0.000232
0.000013
0.001283
-0.000238
0.000002
0.001257
-0.000238
0.000002
0.001257
-0.000249
-0.000009
0.001261
-0.000249
-0.000009
0.001261
-0.000241
-0.000015
0.001302
-0.000241
-0.000015
0.001302
-0.000228
-0.000010
0.001312
-0.000228
-0.000010
0.001312
-0.000234
0.000001
0.001286
-0.000234
0.000001
0.001286
-0.000244
0.000012
0.001288
-0.000244
0.000012
0.001288
-0.000240
0.000018
0.001331
-0.000240
0.000018
0.001331
-0.000231
0.000013
0.001350
-0.000231
0.000013
0.001350
-0.000237
0.000003
0.001333
-0.000237
0.000003
0.001333
-0.000246
-0.000007
0.001338
-0.000246
-0.000007
0.001338
-0.000239
-0.000012
0.001373
-0.000239
-0.000012
0.001373
-0.000227
-0.000008
0.001384
-0.000227
-0.000008
0.001384
-0.000231
0.000001
0.001369
-0.000231
0.000001
0.001369
-0.000238
0.000009
0.001373
-0.000238
0.000009
0.001373
-0.000232
0.000014
0.001407
-0.000232
0.000014
0.001407
-0.000223
0.000010
0.001424
-0.000223
0.000010
0.001424
-0.000227
0.000003
0.001415
-0.000227
0.000003
0.001415
-0.000232
-0.000005
0.001421
-0.000232
-0.000005
0.001421
-0.000223
-0.000009
0.001446
-0.000223
-0.000009
0.001446
-0.000212
-0.000006
0.001455
-0.000212
-0.000006
0.001455
-0.000213
0.000000
0.001447
-0.000213
0.000000
0.001447
-0.000216
0.000007
0.001452
-0.000216
0.000007
0.001452
-0.000210
0.000010
0.001476
-0.000210
0.000010
0.001476
-0.000202
0.000008
0.001488
-0.000202
0.000008
0.001488
-0.000202
0.000003
0.001484
-0.000202
0.000003
0.001484
-0.000204
-0.000003
0.001491
-0.000204
-0.000003
0.001491
-0.000195
-0.000006
0.001507
-0.000195
-0.000006
0.001507
-0.000185
-0.000004
0.001513
-0.000185
-0.000004
0.001513
-0.000184
0.000000
0.001509
-0.000184
0.000000
0.001509
-0.000184
0.000004
0.001513
-0.000184
0.000004
0.001513
-0.000177
0.000007
0.001529
-0.000177
0.000007
0.001529
-0.000170
0.000005
0.001537
-0.000170
0.000005
0.001537
-0.000168
0.000002
0.001536
-0.000168
0.000002
0.001536
-0.000166
-0.000001
0.001541
-0.000166
-0.000001
0.001541
-0.000158
-0.000002
0.001551
-0.000158
-0.000002
0.001551
-0.000149
-0.000002
0.001555
-0.000149
-0.000002
0.001555
-0.000146
0.000000
0.001554
-0.000146
0.000000
0.001554
-0.000142
0.000002
0.001557
-0.000142
0.000002
0.001557
-0.000137
0.000003
0.001564
-0.000137
0.000003
0.001564
-0.000131
0.000003
0.001569
-0.000131
0.000003
0.001569
-0.000126
0.000002
0.001570
-0.000126
0.000002
0.001570
-0.000121
0.000001
0.001573
-0.000121
0.000001
0.001573
-0.000115
0.000001
0.001577
-0.000115
0.000001
0.001577
-0.000108
0.000000
0.001579
-0.000108
0.000000
0.001579
-0.000102
0.000000
0.001581
-0.000102
0.000000
0.001581
-0.000096
0.000000
0.001582
-0.000096
0.000000
0.001582
-0.000091
0.000000
0.001583
-0.000091
0.000000
0.001583
-0.000086
0.000000
0.001584
-0.000086
0.000000
0.001584
-0.000079
0.000001
0.001585
-0.000079
0.000001
0.001585
-0.000072
0.000001
0.001586
-0.000072
0.000001
0.001586
-0.000066
0.000001
0.001585
-0.000066
0.000001
0.001585
0.000001
0.000000
-0.000000
0.000001
0.000000
-0.000000
0.000001
0.000000
-0.000000
0.000001
0.000000
-0.000000
0.000001
0.000000
-0.000000
0.000001
0.000000
-0.000000
0.000001
0.000000
-0.000000
0.000001
0.000000
-0.000000
0.000001
0.000000
-0.000000
0.000001
0.000000
-0.000000
0.000001
0.000000
-0.000000
0.000001
0.000000
-0.000000
0.000001
0.000000
-0.000000
0.000001
0.000000
-0.000000
0.000001
0.000000
-0.000000
0.000001
0.000000
-0.000000
0.000001
0.000000
-0.000000
0.000001
0.000000
-0.000000
0.000001
0.000000
-0.000000
0.000001
0.000000
-0.000000
0.000001
0.000000
-0.000000
0.000001
0.000000
-0.000000
0.000001
0.000000
-0.000000
0.000001
0.000000
-0.000000
0.000001
0.000000
-0.000000
0.000001
0.000000
-0.000000
0.000001
0.000000
-0.000000
0.000001
0.000000
-0.000000
0.000001
0.000000
-0.000000
0.000001
0.000000
-0.000000
0.000001
0.000000
-0.000000
0.000001
0.000000
-0.000000
0.000001
0.000000
-0.000000
0.000001
0.000000
-0.000000
0.000002
0.000000
-0.000000
0.000002
0.000000
-0.000000
0.000002
0.000000
-0.000000
0.000002
0.000000
-0.000000
0.000002
0.000000
-0.000000
0.000002
0.000000
-0.000000
0.000001
0.000000
-0.000000
0.000001
0.000000
-0.000000
0.000001
0.000000
-0.000000
0.000001
0.000000
-0.000000
0.000000
0.000000
-0.000000
0.000000
0.000000
-0.000000
0.000000
0.000000
-0.000000
0.000000
0.000000
-0.000000
-0.000001
-0.000000
0.000000
-0.000001
-0.000000
0.000000
0.000000
0.000000
-0.000000
0.000000
0.000000
-0.000000
-0.000009
-0.000000
0.000000
-0.000009
-0.000000
0.000000
-0.000001
-0.000000
0.000000
-0.000001
-0.000000
0.000000
0.000071
0.000000
-0.000002
0.000071
0.000000
-0.000002
0.000060
-0.000000
-0.000010
0.000060
-0.000000
-0.000010
-0.001154
0.000012
0.003614
-0.001154
0.000012
0.003614
-0.001260
0.000009
0.004124
-0.001260
0.000009
0.004124
-0.001178
0.000000
0.004118
-0.001178
0.000000
0.004118
-0.001090
-0.000009
0.004080
-0.001090
-0.000009
0.004080
-0.001019
-0.000013
0.004000
-0.001019
-0.000013
0.004000
-0.000959
-0.000006
0.003951
-0.000959
-0.000006
0.003951
-0.000882
0.000006
0.003933
-0.000882
0.000006
0.003933
-0.000797
0.000017
0.003867
-0.000797
0.000017
0.003867
-0.000733
0.000022
0.003770
-0.000733
0.000022
0.003770
-0.000676
0.000016
0.003697
-0.000676
0.000016
0.003697
-0.000598
0.000004
0.003633
-0.000598
0.000004
0.003633
-0.000516
-0.000008
0.003517
-0.000516
-0.000008
0.003517
-0.000455
-0.000013
0.003349
-0.000455
-0.000013
0.003349
-0.000403
-0.000009
0.003204
-0.000403
-0.000009
0.003204
-0.000333
-0.000000
0.003080
-0.000333
-0.000000
0.003080
-0.000265
0.000006
0.002902
-0.000265
0.000006
0.002902
-0.000219
0.000006
0.002684
-0.000219
0.000006
0.002684
-0.000184
-0.000004
0.002483
-0.000184
-0.000004
0.002483
-0.000140
-0.000019
0.002309
-0.000140
-0.000019
0.002309
-0.000104
-0.000034
0.002074
-0.000104
-0.000034
0.002074
-0.000139
-0.000031
0.001767
-0.000139
-0.000031
0.001767
-0.000186
0.000003
0.001606
-0.000186
0.000003
0.001606
-0.000179
0.000051
0.001618
-0.000179
0.000051
0.001618
-0.000162
0.000094
0.001525
-0.000162
0.000094
0.001525
-0.000221
0.000106
0.001301
-0.000221
0.000106
0.001301
-0.000310
0.000087
0.001271
-0.000310
0.000087
0.001271
-0.000352
0.000062
0.001450
-0.000352
0.000062
0.001450
-0.000380
0.000035
0.001547
-0.000380
0.000035
0.001547
-0.000417
0.000013
0.001560
-0.000417
0.000013
0.001560
-0.000474
0.000007
0.001657
-0.000474
0.000007
0.001657
-0.000519
0.000009
0.001832
-0.000519
0.000009
0.001832
-0.000551
0.000010
0.001977
-0.000551
0.000010
0.001977
-0.000574
0.000009
0.002095
-0.000574
0.000009
0.002095
-0.000592
0.000007
0.002207
-0.000592
0.000007
0.002207
-0.000601
0.000002
0.002303
-0.000601
0.000002
0.002303
-0.000603
-0.000004
0.002374
-0.000603
-0.000004
0.002374
-0.000612
-0.000007
0.002416
-0.000612
-0.000007
0.002416
-0.000628
-0.000004
0.002480
-0.000628
-0.000004
0.002480
-0.000633
0.000002
0.002572
-0.000633
0.000002
0.002572
-0.000630
0.000008
0.002636
-0.000630
0.000008
0.002636
-0.000634
0.000011
0.002685
-0.000634
0.000011
0.002685
-0.000640
0.000009
0.002748
-0.000640
0.000009
0.002748
-0.000637
0.000004
0.002813
-0.000637
0.000004
0.002813
-0.000628
-0.000002
0.002859
-0.000628
-0.000002
0.002859
-0.000628
-0.000006
0.002881
-0.000628
-0.000006
0.002881
-0.000632
-0.000004
0.002923
-0.000632
-0.000004
0.002923
-0.000627
0.000000
0.002986
-0.000627
0.000000
0.002986
-0.000618
0.000004
0.003034
-0.000618
0.000004
0.003034
-0.000614
0.000006
0.003075
-0.000614
0.000006
0.003075
-0.000610
0.000005
0.003123
-0.000610
0.000005
0.003123
-0.000600
0.000003
0.003166
-0.000600
0.000003
0.003166
-0.000589
0.000001
0.003201
-0.000589
0.000001
0.003201
-0.000581
-0.000001
0.003228
-0.000581
-0.000001
0.003228
-0.000574
-0.000001
0.003261
-0.000574
-0.000001
0.003261
-0.000564
-0.000001
0.003300
-0.000564
-0.000001
0.003300
-0.000554
-0.000001
0.003338
-0.000554
-0.000001
0.003338
-0.000541
-0.000001
0.003382
-0.000541
-0.000001
0.003382
-0.000526
0.000001
0.003419
-0.000526
0.000001
0.003419
-0.000513
0.000003
0.003440
-0.000513
0.000003
0.003440
-0.000501
0.000005
0.003467
-0.000501
0.000005
0.003467
-0.000485
0.000006
0.003502
-0.000485
0.000006
0.003502
-0.000467
0.000003
0.003528
-0.000467
0.000003
0.003528
-0.000455
-0.000001
0.003545
-0.000455
-0.000001
0.003545
-0.000444
-0.000006
0.003574
-0.000444
-0.000006
0.003574
-0.000422
-0.000009
0.003622
-0.000422
-0.000009
0.003622
-0.000397
-0.000005
0.003652
-0.000397
-0.000005
0.003652
-0.000383
0.000001
0.003655
-0.000383
0.000001
0.003655
-0.000371
0.000008
0.003681
-0.000371
0.000008
0.003681
-0.000337
0.000009
0.003732
-0.000337
0.000009
0.003732
-0.000299
-0.000002
0.003747
-0.000299
-0.000002
0.003747
-0.000282
-0.000019
0.003720
-0.000282
-0.000019
0.003720
-0.000267
-0.000039
0.003729
-0.000267
-0.000039
0.003729
-0.000212
-0.000051
0.003768
-0.000212
-0.000051
0.003768
-0.000154
-0.000045
0.003735
-0.000154
-0.000045
0.003735
-0.000139
-0.000032
0.003636
-0.000139
-0.000032
0.003636
-0.001033
0.000009
0.003108
-0.001033
0.000009
0.003108
-0.001085
0.000006
0.003119
-0.001085
0.000006
0.003119
-0.001135
0.000003
0.003119
-0.001135
0.000003
0.003119
-0.001182
-0.000000
0.003109
-0.001182
-0.000000
0.003109
-0.001226
-0.000002
0.003105
-0.001226
-0.000002
0.003105
-0.001274
-0.000002
0.003108
-0.001274
-0.000002
0.003108
-0.001328
-0.000000
0.003101
-0.001328
-0.000000
0.003101
-0.001381
0.000001
0.003085
-0.001381
0.000001
0.003085
-0.001433
0.000002
0.003063
-0.001433
0.000002
0.003063
-0.001478
0.000003
0.003027
-0.001478
0.000003
0.003027
-0.001526
0.000003
0.002989
-0.001526
0.000003
0.002989
-0.001582
0.000002
0.002955
-0.001582
0.000002
0.002955
-0.001638
0.000002
0.002912
-0.001638
0.000002
0.002912
-0.001692
0.000002
0.002860
-0.001692
0.000002
0.002860
-0.001747
0.000002
0.002801
-0.001747
0.000002
0.002801
-0.001802
0.000003
0.002732
-0.001802
0.000003
0.002732
-0.001854
0.000004
0.002647
-0.001854
0.000004
0.002647
-0.001902
0.000004
0.002546
-0.001902
0.000004
0.002546
-0.001943
0.000004
0.002425
-0.001943
0.000004
0.002425
-0.001957
0.000004
0.002265
-0.001957
0.000004
0.002265
-0.001952
0.000004
0.002077
-0.001952
0.000004
0.002077
-0.001937
0.000004
0.001874
-0.001937
0.000004
0.001874
-0.001879
0.000004
0.001634
-0.001879
0.000004
0.001634
-0.001764
0.000004
0.001354
-0.001764
0.000004
0.001354
-0.001564
0.000003
0.001037
-0.001564
0.000003
0.001037
-0.001259
0.000003
0.000699
-0.001259
0.000003
0.000699
-0.000808
0.000002
0.000362
-0.000808
0.000002
0.000362
-0.000195
0.000000
0.000081
-0.000195
0.000000
0.000081
0.000006
0.000000
-0.000000
0.000006
0.000000
-0.000000
0.000008
0.000000
-0.000000
0.000008
0.000000
-0.000000
0.000001
0.000000
-0.000000
0.000001
0.000000
-0.000000
0.000001
0.000000
-0.000000
0.000001
0.000000
-0.000000
0.000002
0.000000
-0.000000
0.000002
0.000000
-0.000000
0.000001
0.000000
-0.000000
0.000001
0.000000
-0.000000
0.000002
0.000000
-0.000000
0.000002
0.000000
-0.000000
0.000002
0.000000
-0.000000
0.000002
0.000000
-0.000000
0.000002
0.000000
-0.000000
0.000002
0.000000
-0.000000
0.000002
0.000000
-0.000000
0.000002
0.000000
-0.000000
0.000002
0.000000
-0.000000
0.000002
0.000000
-0.000000
0.000002
0.000000
-0.000000
0.000002
0.000000
-0.000000
0.000002
0.000000
-0.000000
0.000002
0.000000
-0.000000
0.000002
0.000000
-0.000000
0.000002
0.000000
-0.000000
0.000002
0.000000
-0.000000
0.000002
0.000000
-0.000000
0.000002
0.000000
-0.000000
0.000002
0.000000
-0.000000
0.000002
0.000000
-0.000000
0.000002
0.000000
-0.000000
0.000002
0.000000
-0.000000
0.000002
0.000000
-0.000000
0.000002
0.000000
-0.000000
0.000002
0.000000
-0.000000
0.000002
0.000000
-0.000000
0.000002
0.000000
-0.000000
0.000002
0.000000
-0.000000
0.000002
0.000000
-0.000000
0.000001
0.000000
-0.000000
0.000001
0.000000
-0.000000
0.000001
0.000000
-0.000000
0.000001
0.000000
-0.000000
0.000001
0.000000
-0.000000
0.000001
0.000000
-0.000000
0.000001
0.000000
-0.000000
0.000001
0.000000
-0.000000
0.000001
0.000000
-0.000000
0.000001
0.000000
-0.000000
0.000001
0.000000
-0.000000
0.000001
0.000000
-0.000000
0.000001
0.000000
-0.000000
0.000001
0.000000
-0.000000
0.000001
0.000000
-0.000000
0.000001
0.000000
-0.000000
-0.000066
-0.000001
0.001745
-0.000066
-0.000001
0.001745
-0.000068
-0.000005
0.002094
-0.000068
-0.000005
0.002094
-0.000077
-0.000007
0.002485
-0.000077
-0.000007
0.002485
-0.000075
-0.000002
0.002699
-0.000075
-0.000002
0.002699
-0.000051
0.000008
0.002714
-0.000051
0.000008
0.002714
-0.000039
0.000013
0.002705
-0.000039
0.000013
0.002705
-0.000025
0.000007
0.002704
-0.000025
0.000007
0.002704
0.000004
-0.000006
0.002714
0.000004
-0.000006
0.002714
0.000011
-0.000012
0.002687
0.000011
-0.000012
0.002687
0.000020
-0.000003
0.002678
0.000020
-0.000003
0.002678
0.000053
0.000015
0.002692
0.000053
0.000015
0.002692
0.000061
0.000023
0.002667
0.000061
0.000023
0.002667
0.000070
0.000012
0.002658
0.000070
0.000012
0.002658
0.000106
-0.000009
0.002666
0.000106
-0.000009
0.002666
0.000107
-0.000018
0.002619
0.000107
-0.000018
0.002619
0.000110
-0.000006
0.002598
0.000110
-0.000006
0.002598
0.000148
0.000017
0.002614
0.000148
0.000017
0.002614
0.000151
0.000028
0.002573
0.000151
0.000028
0.002573
0.000156
0.000015
0.002553
0.000156
0.000015
0.002553
0.000195
-0.000010
0.002560
0.000195
-0.000010
0.002560
0.000190
-0.000022
0.002497
0.000190
-0.000022
0.002497
0.000187
-0.000008
0.002465
0.000187
-0.000008
0.002465
0.000228
0.000019
0.002479
0.000228
0.000019
0.002479
0.000225
0.000031
0.002423
0.000225
0.000031
0.002423
0.000225
0.000017
0.002393
0.000225
0.000017
0.002393
0.000265
-0.000011
0.002396
0.000265
-0.000011
0.002396
0.000253
-0.000024
0.002316
0.000253
-0.000024
0.002316
0.000246
-0.000009
0.002273
0.000246
-0.000009
0.002273
0.000285
0.000020
0.002283
0.000285
0.000020
0.002283
0.000276
0.000032
0.002208
0.000276
0.000032
0.002208
0.000271
0.000017
0.002166
0.000271
0.000017
0.002166
0.000308
-0.000011
0.002164
0.000308
-0.000011
0.002164
0.000288
-0.000024
0.002058
0.000288
-0.000024
0.002058
0.000274
-0.000008
0.002002
0.000274
-0.000008
0.002002
0.000312
0.000020
0.002011
0.000312
0.000020
0.002011
0.000294
0.000032
0.001908
0.000294
0.000032
0.001908
0.000281
0.000017
0.001843
0.000281
0.000017
0.001843
0.000313
-0.000011
0.001833
0.000313
-0.000011
0.001833
0.000282
-0.000023
0.001695
0.000282
-0.000023
0.001695
0.000260
-0.000007
0.001618
0.000260
-0.000007
0.001618
0.000292
0.000021
0.001622
0.000292
0.000021
0.001622
0.000261
0.000031
0.001472
0.000261
0.000031
0.001472
0.000238
0.000015
0.001378
0.000238
0.000015
0.001378
0.000262
-0.000010
0.001356
0.000262
-0.000010
0.001356
0.000214
-0.000020
0.001146
0.000214
-0.000020
0.001146
0.000180
-0.000004
0.001029
0.000180
-0.000004
0.001029
0.000202
0.000018
0.001023
0.000202
0.000018
0.001023
0.000151
0.000023
0.000775
0.000151
0.000023
0.000775
0.000111
0.000010
0.000607
0.000111
0.000010
0.000607
0.000106
-0.000003
0.000518
0.000106
-0.000003
0.000518
0.000027
-0.000003
0.000074
0.000027
-0.000003
0.000074
-0.000016
0.000002
-0.000119
-0.000016
0.000002
-0.000119
-0.000021
-0.000013
-0.000121
-0.000021
-0.000013
-0.000121
-0.000034
-0.000070
-0.000630
-0.000034
-0.000070
-0.000630
-0.000020
-0.000075
-0.000738
-0.000020
-0.000075
-0.000738
-0.000009
-0.000020
-0.000265
-0.000009
-0.000020
-0.000265
-0.000003
-0.000006
-0.000110
-0.000003
-0.000006
-0.000110
-0.000003
-0.000006
-0.000127
-0.000003
-0.000006
-0.000127
-0.000002
-0.000004
-0.000078
-0.000002
-0.000004
-0.000078
-0.000001
-0.000002
-0.000056
-0.000001
-0.000002
-0.000056
-0.000001
-0.000002
-0.000044
-0.000001
-0.000002
-0.000044
-0.000000
-0.000002
-0.000035
-0.000000
-0.000002
-0.000035
-0.000000
-0.000001
-0.000028
-0.000000
-0.000001
-0.000028
-0.000000
-0.000001
-0.000023
-0.000000
-0.000001
-0.000023
-0.000000
-0.000001
-0.000019
-0.000000
-0.000001
-0.000019
-0.000000
-0.000001
-0.000016
-0.000000
-0.000001
-0.000016
0.000000
-0.000001
-0.000014
0.000000
-0.000001
-0.000014
0.000000
-0.000000
-0.000011
0.000000
-0.000000
-0.000011
0.000000
-0.000000
-0.000010
0.000000
-0.000000
-0.000010
0.000000
-0.000000
-0.000006
0.000000
-0.000000
-0.000006
0.000000
-0.000000
-0.000009
0.000000
-0.000000
-0.000009
-0.000000
0.000000
0.000006
-0.000000
0.000000
0.000006
-0.000000
0.000000
0.000007
-0.000000
0.000000
0.000007
-0.000141
-0.000025
0.003930
-0.000141
-0.000025
0.003930
-0.000155
-0.000023
0.004687
-0.000155
-0.000023
0.004687
-0.000172
-0.000027
0.005576
-0.000172
-0.000027
0.005576
-0.000185
-0.000041
0.006245
-0.000185
-0.000041
0.006245
-0.000128
-0.000042
0.006477
-0.000128
-0.000042
0.006477
-0.000062
-0.000005
0.006524
-0.000062
-0.000005
0.006524
0.000016
0.000024
0.006532
0.000016
0.000024
0.006532
0.000094
-0.000001
0.006520
0.000094
-0.000001
0.006520
0.000173
-0.000027
0.006478
0.000173
-0.000027
0.006478
0.000248
0.000003
0.006418
0.000248
0.000003
0.006418
0.000319
0.000031
0.006346
0.000319
0.000031
0.006346
0.000386
0.000000
0.006269
0.000386
0.000000
0.006269
0.000457
-0.000028
0.006180
0.000457
-0.000028
0.006180
0.000524
0.000004
0.006072
0.000524
0.000004
0.006072
0.000580
0.000034
0.005948
0.000580
0.000034
0.005948
0.000632
0.000002
0.005824
0.000632
0.000002
0.005824
0.000688
-0.000029
0.005693
0.000688
-0.000029
0.005693
0.000737
0.000004
0.005544
0.000737
0.000004
0.005544
0.000772
0.000034
0.005381
0.000772
0.000034
0.005381
0.000804
0.000003
0.005220
0.000804
0.000003
0.005220
0.000837
-0.000027
0.005058
0.000837
-0.000027
0.005058
0.000864
0.000003
0.004882
0.000864
0.000003
0.004882
0.000876
0.000032
0.004694
0.000876
0.000032
0.004694
0.000885
0.000003
0.004511
0.000885
0.000003
0.004511
0.000895
-0.000024
0.004334
0.000895
-0.000024
0.004334
0.000900
0.000003
0.004147
0.000900
0.000003
0.004147
0.000890
0.000028
0.003949
0.000890
0.000028
0.003949
0.000879
0.000003
0.003760
0.000879
0.000003
0.003760
0.000870
-0.000021
0.003583
0.000870
-0.000021
0.003583
0.000857
0.000003
0.003399
0.000857
0.000003
0.003399
0.000829
0.000024
0.003206
0.000829
0.000024
0.003206
0.000803
0.000003
0.003023
0.000803
0.000003
0.003023
0.000780
-0.000017
0.002857
0.000780
-0.000017
0.002857
0.000755
0.000002
0.002687
0.000755
0.000002
0.002687
0.000718
0.000020
0.002510
0.000718
0.000020
0.002510
0.000683
0.000003
0.002345
0.000683
0.000003
0.002345
0.000654
-0.000013
0.002198
0.000654
-0.000013
0.002198
0.000624
0.000002
0.002050
0.000624
0.000002
0.002050
0.000583
0.000017
0.001896
0.000583
0.000017
0.001896
0.000546
0.000002
0.001753
0.000546
0.000002
0.001753
0.000516
-0.000010
0.001630
0.000516
-0.000010
0.001630
0.000485
0.000003
0.001506
0.000485
0.000003
0.001506
0.000445
0.000014
0.001376
0.000445
0.000014
0.001376
0.000410
0.000002
0.001256
0.000410
0.000002
0.001256
0.000382
-0.000009
0.001156
0.000382
-0.000009
0.001156
0.000354
0.000002
0.001056
0.000354
0.000002
0.001056
0.000318
0.000012
0.000947
0.000318
0.000012
0.000947
0.000285
0.000002
0.000849
0.000285
0.000002
0.000849
0.000264
-0.000006
0.000772
0.000264
-0.000006
0.000772
0.000241
0.000003
0.000693
0.000241
0.000003
0.000693
0.000206
0.000011
0.000597
0.000206
0.000011
0.000597
0.000177
0.000002
0.000518
0.000177
0.000002
0.000518
0.000171
-0.000002
0.000474
0.000171
-0.000002
0.000474
0.000159
0.000010
0.000419
0.000159
0.000010
0.000419
0.000126
0.000021
0.000346
0.000126
0.000021
0.000346
0.000094
0.000019
0.000266
0.000094
0.000019
0.000266
0.000057
0.000013
0.000179
0.000057
0.000013
0.000179
0.000032
0.000009
0.000120
0.000032
0.000009
0.000120
0.000018
0.000006
0.000085
0.000018
0.000006
0.000085
0.000013
0.000004
0.000062
0.000013
0.000004
0.000062
0.000009
0.000003
0.000045
0.000009
0.000003
0.000045
0.000006
0.000002
0.000032
0.000006
0.000002
0.000032
0.000004
0.000001
0.000023
0.000004
0.000001
0.000023
0.000003
0.000001
0.000016
0.000003
0.000001
0.000016
0.000002
0.000001
0.000012
0.000002
0.000001
0.000012
0.000001
0.000000
0.000008
0.000001
0.000000
0.000008
0.000001
0.000000
0.000006
0.000001
0.000000
0.000006
0.000001
0.000000
0.000004
0.000001
0.000000
0.000004
0.000001
0.000000
0.000003
0.000001
0.000000
0.000003
0.000000
0.000000
0.000002
0.000000
0.000000
0.000002
0.000000
0.000000
0.000002
0.000000
0.000000
0.000002
0.000000
0.000000
0.000000
0.000000
0.000000
0.000000
-0.000000
-0.000000
-0.000001
-0.000000
-0.000000
-0.000001
