0.000377
-0.000001
-0.000079
0.000377
-0.000001
-0.000079
0.000418
-0.000001
-0.000004
0.000418
-0.000001
-0.000004
0.000608
-0.000000
0.000083
0.000608
-0.000000
0.000083
-0.000085
-0.000001
-0.000234
-0.000085
-0.000001
-0.000234
-0.001093
-0.000004
-0.001307
-0.001093
-0.000004
-0.001307
-0.001285
-0.000008
-0.002110
-0.001285
-0.000008
-0.002110
-0.000988
-0.000009
-0.002160
-0.000988
-0.000009
-0.002160
-0.000766
-0.000009
-0.002144
-0.000766
-0.000009
-0.002144
-0.000657
-0.000007
-0.002266
-0.000657
-0.000007
-0.002266
-0.000581
-0.000004
-0.002372
-0.000581
-0.000004
-0.002372
-0.000508
-0.000000
-0.002424
-0.000508
-0.000000
-0.002424
-0.000463
0.000003
-0.002571
-0.000463
0.000003
-0.002571
-0.000446
0.000005
-0.002854
-0.000446
0.000005
-0.002854
-0.000402
0.000008
-0.002891
-0.000402
0.000008
-0.002891
-0.000320
0.000011
-0.002580
-0.000320
0.000011
-0.002580
-0.000271
0.000016
-0.002566
-0.000271
0.000016
-0.002566
-0.000267
0.000023
-0.003003
-0.000267
0.000023
-0.003003
-0.000222
0.000026
-0.002974
-0.000222
0.000026
-0.002974
-0.000140
0.000024
-0.002383
-0.000140
0.000024
-0.002383
-0.000047
0.000034
-0.002352
-0.000047
0.000034
-0.002352
0.000037
0.000072
-0.002813
0.000037
0.000072
-0.002813
0.000077
0.000104
-0.002687
0.000077
0.000104
-0.002687
0.000097
0.000114
-0.002090
0.000097
0.000114
-0.002090
0.000138
0.000154
-0.002053
0.000138
0.000154
-0.002053
0.000234
0.000260
-0.002698
0.000234
0.000260
-0.002698
0.000525
0.000325
-0.003005
0.000525
0.000325
-0.003005
0.000677
0.000263
-0.002541
0.000677
0.000263
-0.002541
0.000542
0.000169
-0.001926
0.000542
0.000169
-0.001926
0.000425
0.000109
-0.001457
0.000425
0.000109
-0.001457
0.000332
0.000071
-0.001105
0.000332
0.000071
-0.001105
0.000305
0.000056
-0.000987
0.000305
0.000056
-0.000987
0.000322
0.000050
-0.001043
0.000322
0.000050
-0.001043
0.000336
0.000042
-0.001086
0.000336
0.000042
-0.001086
0.000231
0.000024
-0.000736
0.000231
0.000024
-0.000736
0.000026
0.000003
-0.000085
0.000026
0.000003
-0.000085
-0.000210
-0.000011
0.000663
-0.000210
-0.000011
0.000663
-0.000487
-0.000023
0.001527
-0.000487
-0.000023
0.001527
-0.000519
-0.000024
0.001614
-0.000519
-0.000024
0.001614
-0.000316
-0.000014
0.000971
-0.000316
-0.000014
0.000971
-0.000382
-0.000015
0.001194
-0.000382
-0.000015
0.001194
-0.000715
-0.000017
0.002242
-0.000715
-0.000017
0.002242
-0.000652
-0.000005
0.002026
-0.000652
-0.000005
0.002026
-0.000195
0.000001
0.000602
-0.000195
0.000001
0.000602
-0.000184
0.000006
0.000631
-0.000184
0.000006
0.000631
-0.000577
0.000007
0.001948
-0.000577
0.000007
0.001948
-0.000499
-0.000003
0.001676
-0.000499
-0.000003
0.001676
-0.000049
0.000001
0.000166
-0.000049
0.000001
0.000166
-0.000055
-0.000004
0.000261
-0.000055
-0.000004
0.000261
-0.000376
-0.000010
0.001462
-0.000376
-0.000010
0.001462
-0.000281
-0.000001
0.001087
-0.000281
-0.000001
0.001087
0.000074
-0.000009
-0.000279
0.000074
-0.000009
-0.000279
0.000036
-0.000002
-0.000068
0.000036
-0.000002
-0.000068
-0.000228
0.000017
0.001087
-0.000228
0.000017
0.001087
-0.000200
0.000009
0.000949
-0.000200
0.000009
0.000949
-0.000022
0.000001
0.000105
-0.000022
0.000001
0.000105
-0.000064
-0.000005
0.000424
-0.000064
-0.000005
0.000424
-0.000220
-0.000004
0.001336
-0.000220
-0.000004
0.001336
-0.000215
0.000009
0.001286
-0.000215
0.000009
0.001286
-0.000151
0.000020
0.000888
-0.000151
0.000020
0.000888
-0.000180
0.000040
0.001305
-0.000180
0.000040
0.001305
-0.000230
0.000048
0.001870
-0.000230
0.000048
0.001870
-0.000228
0.000029
0.001805
-0.000228
0.000029
0.001805
-0.000223
0.000010
0.001718
-0.000223
0.000010
0.001718
-0.000223
0.000001
0.001915
-0.000223
0.000001
0.001915
-0.000212
0.000005
0.002008
-0.000212
0.000005
0.002008
-0.000231
0.000015
0.002104
-0.000231
0.000015
0.002104
-0.000265
0.000025
0.002311
-0.000265
0.000025
0.002311
-0.000260
0.000031
0.002185
-0.000260
0.000031
0.002185
-0.000235
0.000032
0.001892
-0.000235
0.000032
0.001892
-0.000273
0.000043
0.002125
-0.000273
0.000043
0.002125
-0.000346
0.000062
0.002625
-0.000346
0.000062
0.002625
-0.000356
0.000063
0.002508
-0.000356
0.000063
0.002508
-0.000307
0.000045
0.002003
-0.000307
0.000045
0.002003
-0.000357
0.000040
0.002309
-0.000357
0.000040
0.002309
-0.000484
0.000041
0.003125
-0.000484
0.000041
0.003125
-0.000472
0.000032
0.002880
-0.000472
0.000032
0.002880
-0.000364
0.000029
0.002060
-0.000364
0.000029
0.002060
-0.000450
0.000055
0.002559
-0.000450
0.000055
0.002559
-0.000650
0.000101
0.003721
-0.000650
0.000101
0.003721
-0.000688
0.000108
0.003625
-0.000688
0.000108
0.003625
-0.000611
0.000071
0.002914
-0.000611
0.000071
0.002914
-0.000715
0.000046
0.003443
-0.000715
0.000046
0.003443
-0.000969
0.000020
0.004718
-0.000969
0.000020
0.004718
-0.001006
-0.000006
0.004667
-0.001006
-0.000006
0.004667
-0.000851
-0.000006
0.003726
-0.000851
-0.000006
0.003726
-0.000894
0.000005
0.003994
-0.000894
0.000005
0.003994
-0.001108
0.000014
0.005057
-0.001108
0.000014
0.005057
-0.001112
0.000016
0.005136
-0.001112
0.000016
0.005136
-0.000966
0.000008
0.004530
-0.000966
0.000008
0.004530
-0.000988
-0.000005
0.004787
-0.000988
-0.000005
0.004787
-0.001133
-0.000023
0.005670
-0.001133
-0.000023
0.005670
-0.001129
-0.000038
0.005714
-0.001129
-0.000038
0.005714
-0.000999
-0.000041
0.005125
-0.000999
-0.000041
0.005125
-0.000999
-0.000049
0.005389
-0.000999
-0.000049
0.005389
-0.001126
-0.000075
0.006423
-0.001126
-0.000075
0.006423
-0.001035
-0.000082
0.006796
-0.001035
-0.000082
0.006796
-0.000812
-0.000046
0.006361
-0.000812
-0.000046
0.006361
-0.000736
0.000004
0.006409
-0.000736
0.000004
0.006409
-0.000736
0.000059
0.007203
-0.000736
0.000059
0.007203
-0.000565
0.000091
0.007540
-0.000565
0.000091
0.007540
-0.000334
0.000065
0.007117
-0.000334
0.000065
0.007117
-0.000236
0.000017
0.006888
-0.000236
0.000017
0.006888
-0.000158
-0.000027
0.007169
-0.000158
-0.000027
0.007169
0.000005
-0.000053
0.007321
0.000005
-0.000053
0.007321
0.000019
-0.000000
-0.000000
0.000019
-0.000000
-0.000000
0.000009
-0.000000
-0.000000
0.000009
-0.000000
-0.000000
-0.000011
0.000000
0.000000
-0.000011
0.000000
0.000000
-0.000007
0.000000
0.000000
-0.000007
0.000000
0.000000
0.000010
-0.000000
-0.000000
0.000010
-0.000000
-0.000000
0.000005
-0.000000
-0.000000
0.000005
-0.000000
-0.000000
-0.000019
0.000000
0.000000
-0.000019
0.000000
0.000000
-0.000023
0.000000
0.000000
-0.000023
0.000000
0.000000
-0.000001
0.000000
0.000000
-0.000001
0.000000
0.000000
0.000002
-0.000000
-0.000000
0.000002
-0.000000
-0.000000
-0.000023
0.000000
0.000000
-0.000023
0.000000
0.000000
-0.000032
0.000000
0.000000
-0.000032
0.000000
0.000000
-0.000017
0.000000
0.000000
-0.000017
0.000000
0.000000
-0.000016
0.000000
0.000000
-0.000016
0.000000
0.000000
-0.000036
0.000000
0.000000
-0.000036
0.000000
0.000000
-0.000047
0.000000
0.000001
-0.000047
0.000000
0.000001
-0.000040
0.000000
0.000000
-0.000040
0.000000
0.000000
-0.000028
0.000000
0.000000
-0.000028
0.000000
0.000000
-0.000018
0.000000
0.000000
-0.000018
0.000000
0.000000
-0.000023
0.000000
0.000000
-0.000023
0.000000
0.000000
-0.000046
0.000000
0.000001
-0.000046
0.000000
0.000001
-0.000071
0.000000
0.000001
-0.000071
0.000000
0.000001
-0.000077
0.000000
0.000001
-0.000077
0.000000
0.000001
-0.000046
0.000000
0.000001
-0.000046
0.000000
0.000001
-0.000030
0.000000
0.000000
-0.000030
0.000000
0.000000
-0.000067
0.000000
0.000001
-0.000067
0.000000
0.000001
-0.000109
0.000000
0.000001
-0.000109
0.000000
0.000001
-0.000012
0.000000
0.000000
-0.000012
0.000000
0.000000
0.000286
-0.000000
-0.000003
0.000286
-0.000000
-0.000003
0.000234
-0.000001
-0.000139
0.000234
-0.000001
-0.000139
0.000078
0.000001
-0.000268
0.000078
0.000001
-0.000268
0.000474
0.000003
-0.001646
0.000474
0.000003
-0.001646
0.000470
0.000003
-0.001687
0.000470
0.000003
-0.001687
0.000132
0.000001
-0.000492
0.000132
0.000001
-0.000492
0.000124
0.000001
-0.000525
0.000124
0.000001
-0.000525
0.000339
0.000001
-0.001500
0.000339
0.000001
-0.001500
0.000354
-0.000000
-0.001658
0.000354
-0.000000
-0.001658
0.000250
-0.000002
-0.001269
0.000250
-0.000002
-0.001269
0.000114
-0.000001
-0.000607
0.000114
-0.000001
-0.000607
-0.000074
0.000000
0.000457
-0.000074
0.000000
0.000457
-0.000161
-0.000000
0.001037
-0.000161
-0.000000
0.001037
-0.000182
-0.000003
0.001317
-0.000182
-0.000003
0.001317
-0.000303
-0.000007
0.002418
-0.000303
-0.000007
0.002418
-0.000436
-0.000008
0.003842
-0.000436
-0.000008
0.003842
-0.000419
-0.000004
0.004218
-0.000419
-0.000004
0.004218
-0.000352
0.000000
0.004199
-0.000352
0.000000
0.004199
-0.000347
-0.000004
0.004533
-0.000347
-0.000004
0.004533
-0.000318
-0.000024
0.004513
-0.000318
-0.000024
0.004513
-0.000245
-0.000052
0.004109
-0.000245
-0.000052
0.004109
-0.000204
-0.000091
0.004055
-0.000204
-0.000091
0.004055
-0.000328
-0.000097
0.004015
-0.000328
-0.000097
0.004015
-0.000400
-0.000031
0.003373
-0.000400
-0.000031
0.003373
-0.000309
0.000046
0.002703
-0.000309
0.000046
0.002703
-0.000271
0.000109
0.002429
-0.000271
0.000109
0.002429
-0.000395
0.000138
0.002308
-0.000395
0.000138
0.002308
-0.000506
0.000102
0.002161
-0.000506
0.000102
0.002161
-0.000484
0.000043
0.002068
-0.000484
0.000043
0.002068
-0.000471
-0.000007
0.001968
-0.000471
-0.000007
0.001968
-0.000567
-0.000044
0.002026
-0.000567
-0.000044
0.002026
-0.000770
-0.000062
0.002463
-0.000770
-0.000062
0.002463
-0.000829
-0.000066
0.002660
-0.000829
-0.000066
0.002660
-0.000746
-0.000069
0.002419
-0.000746
-0.000069
0.002419
-0.000618
-0.000069
0.002232
-0.000618
-0.000069
0.002232
-0.000480
-0.000049
0.001951
-0.000480
-0.000049
0.001951
-0.000359
-0.000025
0.001451
-0.000359
-0.000025
0.001451
-0.000245
-0.000014
0.000967
-0.000245
-0.000014
0.000967
-0.000221
-0.000000
0.000676
-0.000221
-0.000000
0.000676
-0.000373
0.000051
0.000885
-0.000373
0.000051
0.000885
-0.000649
0.000178
0.001473
-0.000649
0.000178
0.001473
-0.000722
0.000287
0.001576
-0.000722
0.000287
0.001576
-0.000537
0.000233
0.000969
-0.000537
0.000233
0.000969
-0.000664
0.000233
0.000872
-0.000664
0.000233
0.000872
-0.001144
0.000409
0.001509
-0.001144
0.000409
0.001509
-0.001761
0.000712
0.002387
-0.001761
0.000712
0.002387
-0.001943
0.001156
0.004023
-0.001943
0.001156
0.004023
-0.001541
0.001111
0.004721
-0.001541
0.001111
0.004721
-0.001130
0.000621
0.003861
-0.001130
0.000621
0.003861
-0.000959
0.000340
0.003695
-0.000959
0.000340
0.003695
-0.000780
0.000213
0.004298
-0.000780
0.000213
0.004298
-0.000531
0.000157
0.004566
-0.000531
0.000157
0.004566
-0.000425
0.000128
0.004127
-0.000425
0.000128
0.004127
-0.000330
0.000092
0.003514
-0.000330
0.000092
0.003514
-0.000344
0.000079
0.003570
-0.000344
0.000079
0.003570
-0.000413
0.000085
0.004107
-0.000413
0.000085
0.004107
-0.000421
0.000086
0.004227
-0.000421
0.000086
0.004227
-0.000394
0.000077
0.003974
-0.000394
0.000077
0.003974
-0.000405
0.000075
0.004078
-0.000405
0.000075
0.004078
-0.000439
0.000075
0.004429
-0.000439
0.000075
0.004429
-0.000441
0.000071
0.004486
-0.000441
0.000071
0.004486
-0.000419
0.000063
0.004332
-0.000419
0.000063
0.004332
-0.000385
0.000053
0.004383
-0.000385
0.000053
0.004383
-0.000364
0.000030
0.004652
-0.000364
0.000030
0.004652
-0.000354
-0.000004
0.004790
-0.000354
-0.000004
0.004790
-0.000320
-0.000044
0.004678
-0.000320
-0.000044
0.004678
-0.000202
-0.000069
0.004644
-0.000202
-0.000069
0.004644
-0.000090
-0.000060
0.004802
-0.000090
-0.000060
0.004802
-0.000061
-0.000038
0.005134
-0.000061
-0.000038
0.005134
-0.000029
-0.000020
0.005481
-0.000029
-0.000020
0.005481
0.000027
-0.000009
0.005486
0.000027
-0.000009
0.005486
0.000086
-0.000012
0.005503
0.000086
-0.000012
0.005503
0.000131
-0.000025
0.005827
0.000131
-0.000025
0.005827
0.000179
-0.000042
0.006030
0.000179
-0.000042
0.006030
0.000269
-0.000049
0.005917
0.000269
-0.000049
0.005917
0.000357
-0.000035
0.005776
0.000357
-0.000035
0.005776
0.000404
-0.000014
0.005779
0.000404
-0.000014
0.005779
-0.000033
-0.000000
0.000108
-0.000033
-0.000000
0.000108
0.000167
0.000000
-0.000493
0.000167
0.000000
-0.000493
0.000150
0.000000
-0.000439
0.000150
0.000000
-0.000439
-0.000121
0.000001
0.000328
-0.000121
0.000001
0.000328
-0.000215
0.000001
0.000569
-0.000215
0.000001
0.000569
-0.000053
0.000000
0.000138
-0.000053
0.000000
0.000138
-0.000051
-0.000000
0.000118
-0.000051
-0.000000
0.000118
-0.000341
-0.000003
0.000777
-0.000341
-0.000003
0.000777
-0.000466
-0.000005
0.001035
-0.000466
-0.000005
0.001035
-0.000241
-0.000003
0.000518
-0.000241
-0.000003
0.000518
-0.000237
-0.000002
0.000469
-0.000237
-0.000002
0.000469
-0.000655
-0.000002
0.001249
-0.000655
-0.000002
0.001249
-0.000851
0.000000
0.001568
-0.000851
0.000000
0.001568
-0.000654
0.000003
0.001156
-0.000654
0.000003
0.001156
-0.000680
0.000005
0.001105
-0.000680
0.000005
0.001105
-0.001012
0.000002
0.001538
-0.001012
0.000002
0.001538
-0.001116
-0.000003
0.001615
-0.001116
-0.000003
0.001615
-0.001027
-0.000009
0.001401
-0.001027
-0.000009
0.001401
-0.001105
-0.000015
0.001407
-0.001105
-0.000015
0.001407
-0.001298
-0.000020
0.001515
-0.001298
-0.000020
0.001515
-0.001295
-0.000016
0.001384
-0.001295
-0.000016
0.001384
-0.001070
-0.000009
0.001049
-0.001070
-0.000009
0.001049
-0.000878
-0.000005
0.000777
-0.000878
-0.000005
0.000777
-0.000750
-0.000002
0.000590
-0.000750
-0.000002
0.000590
-0.000499
-0.000000
0.000348
-0.000499
-0.000000
0.000348
-0.000174
0.000000
0.000106
-0.000174
0.000000
0.000106
0.000156
-0.000000
-0.000057
0.000156
-0.000000
-0.000057
0.000450
-0.000001
-0.000135
0.000450
-0.000001
-0.000135
0.000205
0.000001
0.000122
0.000205
0.000001
0.000122
0.000230
-0.000000
-0.000003
0.000230
-0.000000
-0.000003
0.000025
-0.000000
-0.000000
0.000025
-0.000000
-0.000000
0.000006
-0.000000
-0.000000
0.000006
-0.000000
-0.000000
0.000070
-0.000000
-0.000001
0.000070
-0.000000
-0.000001
0.000083
-0.000000
-0.000001
0.000083
-0.000000
-0.000001
0.000075
-0.000000
-0.000001
0.000075
-0.000000
-0.000001
0.000067
-0.000000
-0.000001
0.000067
-0.000000
-0.000001
0.000061
-0.000000
-0.000001
0.000061
-0.000000
-0.000001
0.000063
-0.000000
-0.000001
0.000063
-0.000000
-0.000001
0.000077
-0.000000
-0.000001
0.000077
-0.000000
-0.000001
0.000082
-0.000000
-0.000001
0.000082
-0.000000
-0.000001
0.000074
-0.000000
-0.000001
0.000074
-0.000000
-0.000001
0.000074
-0.000000
-0.000001
0.000074
-0.000000
-0.000001
0.000080
-0.000000
-0.000001
0.000080
-0.000000
-0.000001
0.000071
-0.000000
-0.000001
0.000071
-0.000000
-0.000001
0.000055
-0.000000
-0.000001
0.000055
-0.000000
-0.000001
0.000057
-0.000000
-0.000001
0.000057
-0.000000
-0.000001
0.000068
-0.000000
-0.000001
0.000068
-0.000000
-0.000001
0.000062
-0.000000
-0.000001
0.000062
-0.000000
-0.000001
0.000043
-0.000000
-0.000001
0.000043
-0.000000
-0.000001
0.000039
-0.000000
-0.000001
0.000039
-0.000000
-0.000001
0.000050
-0.000000
-0.000001
0.000050
-0.000000
-0.000001
0.000046
-0.000000
-0.000001
0.000046
-0.000000
-0.000001
0.000028
-0.000000
-0.000000
0.000028
-0.000000
-0.000000
0.000025
-0.000000
-0.000000
0.000025
-0.000000
-0.000000
0.000035
-0.000000
-0.000000
0.000035
-0.000000
-0.000000
0.000027
-0.000000
-0.000000
0.000027
-0.000000
-0.000000
0.000016
-0.000000
-0.000000
0.000016
-0.000000
-0.000000
0.000190
-0.000040
0.007795
0.000190
-0.000040
0.007795
0.000340
-0.000001
0.009076
0.000340
-0.000001
0.009076
0.000623
0.000033
0.010778
0.000623
0.000033
0.010778
0.000881
0.000028
0.011403
0.000881
0.000028
0.011403
0.000982
-0.000003
0.010549
0.000982
-0.000003
0.010549
0.001054
-0.000003
0.009078
0.001054
-0.000003
0.009078
0.001033
0.000046
0.007291
0.001033
0.000046
0.007291
0.001048
0.000127
0.006537
0.001048
0.000127
0.006537
0.001316
0.000186
0.006641
0.001316
0.000186
0.006641
0.001065
0.000127
0.004617
0.001065
0.000127
0.004617
0.000170
0.000016
0.000726
0.000170
0.000016
0.000726
-0.000225
-0.000018
-0.000957
-0.000225
-0.000018
-0.000957
-0.000184
-0.000004
-0.000842
-0.000184
-0.000004
-0.000842
-0.000577
0.000057
-0.002646
-0.000577
0.000057
-0.002646
-0.001119
0.000171
-0.005955
-0.001119
0.000171
-0.005955
-0.001244
0.000202
-0.007290
-0.001244
0.000202
-0.007290
-0.001206
0.000169
-0.006966
-0.001206
0.000169
-0.006966
-0.001441
0.000176
-0.007631
-0.001441
0.000176
-0.007631
-0.001856
0.000173
-0.009179
-0.001856
0.000173
-0.009179
-0.002034
0.000149
-0.009930
-0.002034
0.000149
-0.009930
-0.001990
0.000117
-0.009971
-0.001990
0.000117
-0.009971
-0.001892
0.000058
-0.009873
-0.001892
0.000058
-0.009873
-0.001796
-0.000025
-0.009680
-0.001796
-0.000025
-0.009680
-0.001579
-0.000063
-0.009812
-0.001579
-0.000063
-0.009812
-0.001314
0.000003
-0.009709
-0.001314
0.000003
-0.009709
-0.001040
0.000100
-0.008347
-0.001040
0.000100
-0.008347
-0.000656
0.000134
-0.006625
-0.000656
0.000134
-0.006625
-0.000417
0.000110
-0.005923
-0.000417
0.000110
-0.005923
-0.000331
0.000075
-0.005561
-0.000331
0.000075
-0.005561
-0.000227
0.000049
-0.004571
-0.000227
0.000049
-0.004571
-0.000125
0.000028
-0.003093
-0.000125
0.000028
-0.003093
-0.000078
0.000021
-0.002539
-0.000078
0.000021
-0.002539
-0.000075
0.000023
-0.003054
-0.000075
0.000023
-0.003054
-0.000066
0.000025
-0.003228
-0.000066
0.000025
-0.003228
-0.000053
0.000024
-0.002809
-0.000053
0.000024
-0.002809
-0.000063
0.000020
-0.002543
-0.000063
0.000020
-0.002543
-0.000093
0.000009
-0.002780
-0.000093
0.000009
-0.002780
-0.000123
-0.000014
-0.003050
-0.000123
-0.000014
-0.003050
-0.000205
-0.000024
-0.003073
-0.000205
-0.000024
-0.003073
-0.000304
0.000003
-0.003191
-0.000304
0.000003
-0.003191
-0.000372
0.000052
-0.003544
-0.000372
0.000052
-0.003544
-0.000460
0.000077
-0.003564
-0.000460
0.000077
-0.003564
-0.000540
0.000058
-0.003457
-0.000540
0.000058
-0.003457
-0.000590
0.000016
-0.003501
-0.000590
0.000016
-0.003501
-0.000685
-0.000006
-0.003374
-0.000685
-0.000006
-0.003374
-0.000817
0.000022
-0.003457
-0.000817
0.000022
-0.003457
-0.000882
0.000075
-0.003723
-0.000882
0.000075
-0.003723
-0.000762
0.000110
-0.003381
-0.000762
0.000110
-0.003381
-0.000534
0.000126
-0.002674
-0.000534
0.000126
-0.002674
-0.000500
0.000194
-0.003066
-0.000500
0.000194
-0.003066
-0.000527
0.000250
-0.004035
-0.000527
0.000250
-0.004035
-0.000382
0.000130
-0.003123
-0.000382
0.000130
-0.003123
-0.000400
-0.000103
-0.002253
-0.000400
-0.000103
-0.002253
-0.000144
-0.000451
-0.004711
-0.000144
-0.000451
-0.004711
0.000047
-0.000411
-0.006235
0.000047
-0.000411
-0.006235
-0.000183
-0.000022
-0.004412
-0.000183
-0.000022
-0.004412
-0.000109
0.000136
-0.003532
-0.000109
0.000136
-0.003532
-0.000018
0.000144
-0.003772
-0.000018
0.000144
-0.003772
-0.000051
0.000088
-0.003378
-0.000051
0.000088
-0.003378
-0.000062
0.000050
-0.002842
-0.000062
0.000050
-0.002842
-0.000059
0.000027
-0.002340
-0.000059
0.000027
-0.002340
-0.000053
0.000014
-0.001960
-0.000053
0.000014
-0.001960
-0.000048
0.000006
-0.001804
-0.000048
0.000006
-0.001804
-0.000044
0.000000
-0.001726
-0.000044
0.000000
-0.001726
-0.000037
-0.000004
-0.001562
-0.000037
-0.000004
-0.001562
-0.000028
-0.000005
-0.001283
-0.000028
-0.000005
-0.001283
-0.000019
-0.000006
-0.001017
-0.000019
-0.000006
-0.001017
-0.000013
-0.000005
-0.000794
-0.000013
-0.000005
-0.000794
-0.000009
-0.000005
-0.000612
-0.000009
-0.000005
-0.000612
-0.000006
-0.000004
-0.000516
-0.000006
-0.000004
-0.000516
-0.000004
-0.000003
-0.000406
-0.000004
-0.000003
-0.000406
-0.000002
-0.000002
-0.000215
-0.000002
-0.000002
-0.000215
-0.000001
-0.000002
-0.000188
-0.000001
-0.000002
-0.000188
0.000510
0.000008
0.006483
0.000510
0.000008
0.006483
0.000682
0.000021
0.007274
0.000682
0.000021
0.007274
0.000816
0.000010
0.007360
0.000816
0.000010
0.007360
0.000891
-0.000019
0.007186
0.000891
-0.000019
0.007186
0.000968
-0.000030
0.006677
0.000968
-0.000030
0.006677
0.000841
-0.000008
0.005072
0.000841
-0.000008
0.005072
0.000476
0.000007
0.002618
0.000476
0.000007
0.002618
0.000151
0.000002
0.000748
0.000151
0.000002
0.000748
-0.000159
0.000001
-0.000666
-0.000159
0.000001
-0.000666
-0.000204
0.000000
-0.000853
-0.000204
0.000000
-0.000853
0.000111
0.000001
0.000401
0.000111
0.000001
0.000401
0.000154
0.000002
0.000570
0.000154
0.000002
0.000570
-0.000137
0.000001
-0.000463
-0.000137
0.000001
-0.000463
0.000071
0.000004
0.000233
0.000071
0.000004
0.000233
0.000797
0.000009
0.002584
0.000797
0.000009
0.002584
0.001106
0.000004
0.003534
0.001106
0.000004
0.003534
0.001004
-0.000008
0.003178
0.001004
-0.000008
0.003178
0.000946
-0.000003
0.002972
0.000946
-0.000003
0.002972
0.000974
0.000003
0.003042
0.000974
0.000003
0.003042
0.001069
0.000003
0.003334
0.001069
0.000003
0.003334
0.001106
0.000000
0.003521
0.001106
0.000000
0.003521
0.000554
-0.000001
0.001789
0.000554
-0.000001
0.001789
-0.000397
0.000001
-0.001354
-0.000397
0.000001
-0.001354
-0.000784
-0.000002
-0.002723
-0.000784
-0.000002
-0.002723
-0.000793
-0.000003
-0.002941
-0.000793
-0.000003
-0.002941
-0.001227
0.000012
-0.004901
-0.001227
0.000012
-0.004901
-0.001904
0.000041
-0.008017
-0.001904
0.000041
-0.008017
-0.002105
0.000060
-0.009339
-0.002105
0.000060
-0.009339
-0.001954
0.000082
-0.009313
-0.001954
0.000082
-0.009313
-0.001979
0.000154
-0.010218
-0.001979
0.000154
-0.010218
-0.001982
0.000212
-0.011951
-0.001982
0.000212
-0.011951
-0.001759
0.000128
-0.012403
-0.001759
0.000128
-0.012403
-0.001414
0.000012
-0.011426
-0.001414
0.000012
-0.011426
-0.001174
-0.000009
-0.010804
-0.001174
-0.000009
-0.010804
-0.001187
0.000005
-0.010711
-0.001187
0.000005
-0.010711
-0.001154
0.000016
-0.009886
-0.001154
0.000016
-0.009886
-0.001015
0.000016
-0.008220
-0.001015
0.000016
-0.008220
-0.001091
-0.000001
-0.008104
-0.001091
-0.000001
-0.008104
-0.001474
-0.000005
-0.009406
-0.001474
-0.000005
-0.009406
-0.001644
0.000034
-0.009222
-0.001644
0.000034
-0.009222
-0.001506
0.000090
-0.007911
-0.001506
0.000090
-0.007911
-0.001436
0.000154
-0.007131
-0.001436
0.000154
-0.007131
-0.001362
0.000202
-0.006635
-0.001362
0.000202
-0.006635
-0.001176
0.000193
-0.005614
-0.001176
0.000193
-0.005614
-0.001048
0.000139
-0.004339
-0.001048
0.000139
-0.004339
-0.000588
0.000055
-0.002165
-0.000588
0.000055
-0.002165
0.000596
-0.000010
0.001673
0.000596
-0.000010
0.001673
0.001523
-0.000068
0.004528
0.001523
-0.000068
0.004528
0.001328
-0.000300
0.005427
0.001328
-0.000300
0.005427
0.000727
-0.000769
0.005177
0.000727
-0.000769
0.005177
-0.000004
-0.000893
0.003640
-0.000004
-0.000893
0.003640
-0.000666
-0.000968
0.003144
-0.000666
-0.000968
0.003144
0.000372
-0.001527
0.005297
0.000372
-0.001527
0.005297
0.001443
-0.001132
0.006454
0.001443
-0.001132
0.006454
0.001452
-0.000189
0.005039
0.001452
-0.000189
0.005039
0.001457
-0.000001
0.003919
0.001457
-0.000001
0.003919
0.001175
-0.000044
0.003521
0.001175
-0.000044
0.003521
0.000851
-0.000050
0.002810
0.000851
-0.000050
0.002810
0.000546
-0.000034
0.001950
0.000546
-0.000034
0.001950
0.000323
-0.000018
0.001243
0.000323
-0.000018
0.001243
0.000213
-0.000009
0.000878
0.000213
-0.000009
0.000878
0.000194
-0.000006
0.000840
0.000194
-0.000006
0.000840
0.000180
-0.000003
0.000811
0.000180
-0.000003
0.000811
0.000127
-0.000001
0.000592
0.000127
-0.000001
0.000592
0.000072
0.000000
0.000350
0.000072
0.000000
0.000350
0.000057
0.000001
0.000286
0.000057
0.000001
0.000286
0.000061
0.000001
0.000314
0.000061
0.000001
0.000314
0.000054
0.000001
0.000287
0.000054
0.000001
0.000287
0.000040
0.000001
0.000219
0.000040
0.000001
0.000219
0.000029
0.000001
0.000161
0.000029
0.000001
0.000161
0.000028
0.000001
0.000158
0.000028
0.000001
0.000158
0.000031
0.000001
0.000178
0.000031
0.000001
0.000178
0.000037
0.000002
0.000214
0.000037
0.000002
0.000214
