0.000121
-0.000000
-0.000002
0.000121
-0.000000
-0.000002
0.000557
-0.000001
-0.000015
0.000557
-0.000001
-0.000015
0.000903
-0.000001
0.000147
0.000903
-0.000001
0.000147
0.001213
-0.000002
0.000674
0.001213
-0.000002
0.000674
0.001167
-0.000003
0.001240
0.001167
-0.000003
0.001240
0.000859
-0.000004
0.001401
0.000859
-0.000004
0.001401
0.000612
-0.000004
0.001359
0.000612
-0.000004
0.001359
0.000458
-0.000004
0.001287
0.000458
-0.000004
0.001287
0.000357
-0.000004
0.001222
0.000357
-0.000004
0.001222
0.000287
-0.000003
0.001175
0.000287
-0.000003
0.001175
0.000237
-0.000002
0.001146
0.000237
-0.000002
0.001146
0.000197
-0.000001
0.001115
0.000197
-0.000001
0.001115
0.000165
0.000000
0.001096
0.000165
0.000000
0.001096
0.000153
0.000000
0.001147
0.000153
0.000000
0.001147
0.000145
-0.000001
0.001230
0.000145
-0.000001
0.001230
0.000123
-0.000002
0.001214
0.000123
-0.000002
0.001214
0.000095
-0.000004
0.001114
0.000095
-0.000004
0.001114
0.000069
-0.000004
0.000984
0.000069
-0.000004
0.000984
0.000045
-0.000004
0.000796
0.000045
-0.000004
0.000796
0.000019
-0.000003
0.000461
0.000019
-0.000003
0.000461
0.000002
0.000000
0.000026
0.000002
0.000000
0.000026
-0.000000
0.000005
-0.000290
-0.000000
0.000005
-0.000290
0.000006
0.000012
-0.000511
0.000006
0.000012
-0.000511
0.000025
0.000030
-0.000944
0.000025
0.000030
-0.000944
0.000069
0.000068
-0.001730
0.000069
0.000068
-0.001730
0.000263
0.000124
-0.002906
0.000263
0.000124
-0.002906
0.000522
0.000159
-0.004195
0.000522
0.000159
-0.004195
0.000650
0.000150
-0.004912
0.000650
0.000150
-0.004912
0.000721
0.000125
-0.005227
0.000721
0.000125
-0.005227
0.000820
0.000103
-0.005731
0.000820
0.000103
-0.005731
0.001018
0.000084
-0.006887
0.001018
0.000084
-0.006887
0.001368
0.000064
-0.008722
0.001368
0.000064
-0.008722
0.001694
0.000038
-0.010294
0.001694
0.000038
-0.010294
0.001851
0.000004
-0.011010
0.001851
0.000004
-0.011010
0.001907
-0.000040
-0.011176
0.001907
-0.000040
-0.011176
0.001781
-0.000063
-0.010981
0.001781
-0.000063
-0.010981
0.001613
-0.000038
-0.010547
0.001613
-0.000038
-0.010547
0.001597
0.000008
-0.010358
0.001597
0.000008
-0.010358
0.001616
0.000049
-0.010401
0.001616
0.000049
-0.010401
0.001515
0.000068
-0.010188
0.001515
0.000068
-0.010188
0.001393
0.000045
-0.009820
0.001393
0.000045
-0.009820
0.001393
0.000004
-0.009705
0.001393
0.000004
-0.009705
0.001413
-0.000037
-0.009722
0.001413
-0.000037
-0.009722
0.001301
-0.000057
-0.009461
0.001301
-0.000057
-0.009461
0.001169
-0.000033
-0.009037
0.001169
-0.000033
-0.009037
0.001178
0.000009
-0.008940
0.001178
0.000009
-0.008940
0.001208
0.000049
-0.008987
0.001208
0.000049
-0.008987
0.001112
0.000067
-0.008746
0.001112
0.000067
-0.008746
0.001003
0.000043
-0.008380
0.001003
0.000043
-0.008380
0.001017
0.000002
-0.008280
0.001017
0.000002
-0.008280
0.001052
-0.000040
-0.008357
0.001052
-0.000040
-0.008357
0.000961
-0.000060
-0.008135
0.000961
-0.000060
-0.008135
0.000848
-0.000038
-0.007717
0.000848
-0.000038
-0.007717
0.000862
0.000000
-0.007626
0.000862
0.000000
-0.007626
0.000895
0.000037
-0.007717
0.000895
0.000037
-0.007717
0.000818
0.000054
-0.007482
0.000818
0.000054
-0.007482
0.000721
0.000037
-0.007077
0.000721
0.000037
-0.007077
0.000727
0.000006
-0.006960
0.000727
0.000006
-0.006960
0.000748
-0.000024
-0.006995
0.000748
-0.000024
-0.006995
0.000680
-0.000039
-0.006770
0.000680
-0.000039
-0.006770
0.000596
-0.000026
-0.006381
0.000596
-0.000026
-0.006381
0.000591
-0.000003
-0.006209
0.000591
-0.000003
-0.006209
0.000598
0.000019
-0.006183
0.000598
0.000019
-0.006183
0.000548
0.000029
-0.005979
0.000548
0.000029
-0.005979
0.000488
0.000021
-0.005671
0.000488
0.000021
-0.005671
0.000481
0.000006
-0.005544
0.000481
0.000006
-0.005544
0.000479
-0.000009
-0.005480
0.000479
-0.000009
-0.005480
0.000434
-0.000016
-0.005255
0.000434
-0.000016
-0.005255
0.000384
-0.000011
-0.004958
0.000384
-0.000011
-0.004958
0.000371
-0.000000
-0.004784
0.000371
-0.000000
-0.004784
0.000364
0.000009
-0.004695
0.000364
0.000009
-0.004695
0.000335
0.000013
-0.004517
0.000335
0.000013
-0.004517
0.000303
0.000010
-0.004303
0.000303
0.000010
-0.004303
0.000292
0.000004
-0.004171
0.000292
0.000004
-0.004171
0.000281
-0.000002
-0.004050
0.000281
-0.000002
-0.004050
0.000252
-0.000005
-0.003827
0.000252
-0.000005
-0.003827
0.000221
-0.000003
-0.003574
0.000221
-0.000003
-0.003574
0.000208
0.000001
-0.003409
0.000208
0.000001
-0.003409
0.000197
0.000004
-0.003277
0.000197
0.000004
-0.003277
0.000179
0.000005
-0.003105
0.000179
0.000005
-0.003105
0.000162
0.000005
-0.002918
0.000162
0.000005
-0.002918
0.000150
0.000003
-0.002772
0.000150
0.000003
-0.002772
0.000140
0.000001
-0.002641
0.000140
0.000001
-0.002641
0.000122
-0.000000
-0.002439
0.000122
-0.000000
-0.002439
0.000104
0.000000
-0.002203
0.000104
0.000000
-0.002203
0.000092
0.000001
-0.002027
0.000092
0.000001
-0.002027
0.000083
0.000002
-0.001884
0.000083
0.000002
-0.001884
0.000075
0.000002
-0.001747
0.000075
0.000002
-0.001747
0.000067
0.000002
-0.001620
0.000067
0.000002
-0.001620
0.000058
0.000002
-0.001465
0.000058
0.000002
-0.001465
0.000048
0.000001
-0.001271
0.000048
0.000001
-0.001271
0.000038
0.000001
-0.001064
0.000038
0.000001
-0.001064
0.000029
0.000001
-0.000874
0.000029
0.000001
-0.000874
0.000022
0.000001
-0.000699
0.000022
0.000001
-0.000699
0.000016
0.000000
-0.000539
0.000016
0.000000
-0.000539
0.000012
0.000000
-0.000426
0.000012
0.000000
-0.000426
0.000009
0.000000
-0.000330
0.000009
0.000000
-0.000330
0.000004
0.000000
-0.000169
0.000004
0.000000
-0.000169
-0.000001
-0.000000
0.000035
-0.000001
-0.000000
0.000035
-0.000005
-0.000000
0.000219
-0.000005
-0.000000
0.000219
-0.000007
-0.000000
0.000385
-0.000007
-0.000000
0.000385
-0.000010
-0.000000
0.000549
-0.000010
-0.000000
0.000549
-0.000011
-0.000000
0.000698
-0.000011
-0.000000
0.000698
-0.000013
0.000000
0.000776
-0.000013
0.000000
0.000776
-0.000018
-0.000000
0.000000
-0.000018
-0.000000
0.000000
-0.000020
-0.000000
0.000000
-0.000020
-0.000000
0.000000
-0.000024
-0.000000
0.000000
-0.000024
-0.000000
0.000000
-0.000025
-0.000000
0.000000
-0.000025
-0.000000
0.000000
-0.000023
-0.000000
0.000000
-0.000023
-0.000000
0.000000
-0.000022
-0.000000
0.000000
-0.000022
-0.000000
0.000000
-0.000022
-0.000000
0.000000
-0.000022
-0.000000
0.000000
-0.000020
-0.000000
0.000000
-0.000020
-0.000000
0.000000
-0.000017
-0.000000
0.000000
-0.000017
-0.000000
0.000000
-0.000014
-0.000000
0.000000
-0.000014
-0.000000
0.000000
-0.000010
-0.000000
0.000000
-0.000010
-0.000000
0.000000
-0.000006
-0.000000
0.000000
-0.000006
-0.000000
0.000000
-0.000003
-0.000000
0.000000
-0.000003
-0.000000
0.000000
0.000001
0.000000
-0.000000
0.000001
0.000000
-0.000000
0.000007
0.000000
-0.000000
0.000007
0.000000
-0.000000
0.000011
0.000000
-0.000000
0.000011
0.000000
-0.000000
0.000015
0.000000
-0.000000
0.000015
0.000000
-0.000000
0.000020
0.000000
-0.000000
0.000020
0.000000
-0.000000
0.000027
0.000000
-0.000000
0.000027
0.000000
-0.000000
0.000032
0.000000
-0.000001
0.000032
0.000000
-0.000001
0.000033
0.000000
-0.000001
0.000033
0.000000
-0.000001
0.000036
0.000000
-0.000001
0.000036
0.000000
-0.000001
0.000040
0.000000
-0.000001
0.000040
0.000000
-0.000001
0.000044
0.000000
-0.000001
0.000044
0.000000
-0.000001
0.000046
0.000000
-0.000001
0.000046
0.000000
-0.000001
0.000057
0.000000
-0.000001
0.000057
0.000000
-0.000001
0.000066
0.000000
-0.000001
0.000066
0.000000
-0.000001
0.000070
0.000000
-0.000001
0.000070
0.000000
-0.000001
0.000094
0.000000
-0.000002
0.000094
0.000000
-0.000002
0.000057
0.000000
-0.000003
0.000057
0.000000
-0.000003
-0.001353
0.000001
0.004427
-0.001353
0.000001
0.004427
-0.001457
-0.000001
0.005000
-0.001457
-0.000001
0.005000
-0.001381
-0.000005
0.005039
-0.001381
-0.000005
0.005039
-0.001317
-0.000008
0.005121
-0.001317
-0.000008
0.005121
-0.001244
-0.000010
0.005134
-0.001244
-0.000010
0.005134
-0.001171
-0.000006
0.005146
-0.001171
-0.000006
0.005146
-0.001108
-0.000001
0.005238
-0.001108
-0.000001
0.005238
-0.001042
0.000006
0.005324
-0.001042
0.000006
0.005324
-0.000965
0.000009
0.005263
-0.000965
0.000009
0.005263
-0.000881
0.000005
0.005151
-0.000881
0.000005
0.005151
-0.000810
-0.000002
0.005212
-0.000810
-0.000002
0.005212
-0.000750
-0.000009
0.005357
-0.000750
-0.000009
0.005357
-0.000678
-0.000013
0.005333
-0.000678
-0.000013
0.005333
-0.000596
-0.000011
0.005222
-0.000596
-0.000011
0.005222
-0.000513
-0.000006
0.005180
-0.000513
-0.000006
0.005180
-0.000430
-0.000003
0.005077
-0.000430
-0.000003
0.005077
-0.000341
-0.000004
0.004591
-0.000341
-0.000004
0.004591
-0.000249
-0.000012
0.003822
-0.000249
-0.000012
0.003822
-0.000151
-0.000019
0.002803
-0.000151
-0.000019
0.002803
-0.000048
-0.000009
0.001018
-0.000048
-0.000009
0.001018
0.000180
0.000021
-0.002304
0.000180
0.000021
-0.002304
0.000466
-0.000018
-0.006260
0.000466
-0.000018
-0.006260
0.000632
-0.000192
-0.009347
0.000632
-0.000192
-0.009347
0.000763
-0.000525
-0.012593
0.000763
-0.000525
-0.012593
0.001972
-0.000949
-0.018040
0.001972
-0.000949
-0.018040
0.003354
-0.001074
-0.024103
0.003354
-0.001074
-0.024103
0.003633
-0.000825
-0.026858
0.003633
-0.000825
-0.026858
0.003729
-0.000524
-0.027328
0.003729
-0.000524
-0.027328
0.004006
-0.000305
-0.028113
0.004006
-0.000305
-0.028113
0.004244
-0.000176
-0.028979
0.004244
-0.000176
-0.028979
0.004151
-0.000087
-0.028817
0.004151
-0.000087
-0.028817
0.003909
0.000003
-0.027857
0.003909
0.000003
-0.027857
0.003536
0.000059
-0.027041
0.003536
0.000059
-0.027041
0.003154
0.000054
-0.026162
0.003154
0.000054
-0.026162
0.002902
0.000024
-0.025189
0.002902
0.000024
-0.025189
0.002662
0.000002
-0.024225
0.002662
0.000002
-0.024225
0.002405
-0.000009
-0.023292
0.002405
-0.000009
-0.023292
0.002181
-0.000003
-0.022554
0.002181
-0.000003
-0.022554
0.002010
0.000009
-0.021921
0.002010
0.000009
-0.021921
0.001849
0.000021
-0.021293
0.001849
0.000021
-0.021293
0.001676
0.000026
-0.020649
0.001676
0.000026
-0.020649
0.001503
0.000022
-0.019863
0.001503
0.000022
-0.019863
0.001357
0.000014
-0.019080
0.001357
0.000014
-0.019080
0.001228
0.000005
-0.018392
0.001228
0.000005
-0.018392
0.001075
0.000001
-0.017588
0.001075
0.000001
-0.017588
0.000927
0.000007
-0.016678
0.000927
0.000007
-0.016678
0.000827
0.000017
-0.016045
0.000827
0.000017
-0.016045
0.000746
0.000025
-0.015627
0.000746
0.000025
-0.015627
0.000646
0.000028
-0.015011
0.000646
0.000028
-0.015011
0.000549
0.000023
-0.014300
0.000549
0.000023
-0.014300
0.000479
0.000013
-0.013726
0.000479
0.000013
-0.013726
0.000419
0.000003
-0.013273
0.000419
0.000003
-0.013273
0.000331
-0.000002
-0.012631
0.000331
-0.000002
-0.012631
0.000245
0.000004
-0.011826
0.000245
0.000004
-0.011826
0.000200
0.000015
-0.011340
0.000200
0.000015
-0.011340
0.000163
0.000023
-0.011028
0.000163
0.000023
-0.011028
0.000111
0.000026
-0.010456
0.000111
0.000026
-0.010456
0.000062
0.000020
-0.009798
0.000062
0.000020
-0.009798
0.000035
0.000011
-0.009418
0.000035
0.000011
-0.009418
0.000011
0.000001
-0.009166
0.000011
0.000001
-0.009166
-0.000035
-0.000004
-0.008653
-0.000035
-0.000004
-0.008653
-0.000076
0.000002
-0.007948
-0.000076
0.000002
-0.007948
-0.000088
0.000011
-0.007489
-0.000088
0.000011
-0.007489
-0.000100
0.000019
-0.007245
-0.000100
0.000019
-0.007245
-0.000120
0.000021
-0.006830
-0.000120
0.000021
-0.006830
-0.000135
0.000016
-0.006274
-0.000135
0.000016
-0.006274
-0.000138
0.000009
-0.005877
-0.000138
0.000009
-0.005877
-0.000141
0.000001
-0.005592
-0.000141
0.000001
-0.005592
-0.000158
-0.000002
-0.005096
-0.000158
-0.000002
-0.005096
-0.000167
0.000004
-0.004462
-0.000167
0.000004
-0.004462
-0.000158
0.000012
-0.004044
-0.000158
0.000012
-0.004044
-0.000154
0.000018
-0.003776
-0.000154
0.000018
-0.003776
-0.000152
0.000020
-0.003347
-0.000152
0.000020
-0.003347
-0.000143
0.000016
-0.002831
-0.000143
0.000016
-0.002831
-0.000129
0.000011
-0.002500
-0.000129
0.000011
-0.002500
-0.001231
0.000001
0.003850
-0.001231
0.000001
0.003850
-0.001289
0.000000
0.003861
-0.001289
0.000000
0.003861
-0.001339
-0.000000
0.003844
-0.001339
-0.000000
0.003844
-0.001382
0.000000
0.003803
-0.001382
0.000000
0.003803
-0.001415
0.000000
0.003723
-0.001415
0.000000
0.003723
-0.001446
-0.000001
0.003635
-0.001446
-0.000001
0.003635
-0.001495
-0.000002
0.003602
-0.001495
-0.000002
0.003602
-0.001563
-0.000003
0.003607
-0.001563
-0.000003
0.003607
-0.001631
-0.000004
0.003606
-0.001631
-0.000004
0.003606
-0.001697
-0.000004
0.003585
-0.001697
-0.000004
0.003585
-0.001766
-0.000003
0.003561
-0.001766
-0.000003
0.003561
-0.001846
-0.000002
0.003552
-0.001846
-0.000002
0.003552
-0.001926
0.000000
0.003533
-0.001926
0.000000
0.003533
-0.001983
0.000003
0.003459
-0.001983
0.000003
0.003459
-0.001992
0.000004
0.003279
-0.001992
0.000004
0.003279
-0.001980
0.000002
0.003064
-0.001980
0.000002
0.003064
-0.002024
-0.000001
0.002950
-0.002024
-0.000001
0.002950
-0.002119
-0.000004
0.002899
-0.002119
-0.000004
0.002899
-0.002160
-0.000006
0.002761
-0.002160
-0.000006
0.002761
-0.002117
-0.000008
0.002503
-0.002117
-0.000008
0.002503
-0.002079
-0.000006
0.002253
-0.002079
-0.000006
0.002253
-0.002084
-0.000004
0.002057
-0.002084
-0.000004
0.002057
-0.002049
-0.000002
0.001821
-0.002049
-0.000002
0.001821
-0.001936
-0.000001
0.001521
-0.001936
-0.000001
0.001521
-0.001769
0.000001
0.001200
-0.001769
0.000001
0.001200
-0.001524
0.000001
0.000864
-0.001524
0.000001
0.000864
-0.001119
0.000002
0.000508
-0.001119
0.000002
0.000508
-0.000515
0.000001
0.000183
-0.000515
0.000001
0.000183
0.000169
0.000002
0.000117
0.000169
0.000002
0.000117
0.000271
0.000000
-0.000005
0.000271
0.000000
-0.000005
0.000211
0.000000
-0.000004
0.000211
0.000000
-0.000004
0.000188
0.000000
-0.000003
0.000188
0.000000
-0.000003
0.000172
0.000000
-0.000003
0.000172
0.000000
-0.000003
0.000156
0.000000
-0.000003
0.000156
0.000000
-0.000003
0.000143
0.000000
-0.000003
0.000143
0.000000
-0.000003
0.000131
0.000000
-0.000002
0.000131
0.000000
-0.000002
0.000121
0.000000
-0.000002
0.000121
0.000000
-0.000002
0.000112
0.000000
-0.000002
0.000112
0.000000
-0.000002
0.000103
0.000000
-0.000002
0.000103
0.000000
-0.000002
0.000092
0.000000
-0.000002
0.000092
0.000000
-0.000002
0.000079
0.000000
-0.000001
0.000079
0.000000
-0.000001
0.000071
0.000000
-0.000001
0.000071
0.000000
-0.000001
0.000067
0.000000
-0.000001
0.000067
0.000000
-0.000001
0.000059
0.000000
-0.000001
0.000059
0.000000
-0.000001
0.000047
0.000000
-0.000001
0.000047
0.000000
-0.000001
0.000040
0.000000
-0.000001
0.000040
0.000000
-0.000001
0.000036
0.000000
-0.000001
0.000036
0.000000
-0.000001
0.000029
0.000000
-0.000001
0.000029
0.000000
-0.000001
0.000019
0.000000
-0.000000
0.000019
0.000000
-0.000000
0.000012
0.000000
-0.000000
0.000012
0.000000
-0.000000
0.000009
0.000000
-0.000000
0.000009
0.000000
-0.000000
0.000004
0.000000
-0.000000
0.000004
0.000000
-0.000000
-0.000002
-0.000000
0.000000
-0.000002
-0.000000
0.000000
-0.000006
-0.000000
0.000000
-0.000006
-0.000000
0.000000
-0.000007
-0.000000
0.000000
-0.000007
-0.000000
0.000000
-0.000010
-0.000000
0.000000
-0.000010
-0.000000
0.000000
-0.000016
-0.000000
0.000000
-0.000016
-0.000000
0.000000
-0.000015
-0.000001
0.000905
-0.000015
-0.000001
0.000905
-0.000018
-0.000002
0.001323
-0.000018
-0.000002
0.001323
-0.000022
-0.000005
0.002022
-0.000022
-0.000005
0.002022
-0.000020
-0.000006
0.002631
-0.000020
-0.000006
0.002631
-0.000011
-0.000002
0.003016
-0.000011
-0.000002
0.003016
-0.000013
-0.000001
0.003330
-0.000013
-0.000001
0.003330
-0.000013
-0.000009
0.003649
-0.000013
-0.000009
0.003649
0.000006
-0.000021
0.004068
0.000006
-0.000021
0.004068
0.000020
-0.000030
0.004579
0.000020
-0.000030
0.004579
0.000042
-0.000027
0.005200
0.000042
-0.000027
0.005200
0.000081
-0.000011
0.005762
0.000081
-0.000011
0.005762
0.000065
-0.000002
0.005920
0.000065
-0.000002
0.005920
0.000052
-0.000025
0.005958
0.000052
-0.000025
0.005958
0.000117
-0.000063
0.006746
0.000117
-0.000063
0.006746
0.000221
-0.000104
0.008134
0.000221
-0.000104
0.008134
0.000313
-0.000142
0.009064
0.000313
-0.000142
0.009064
0.000344
-0.000167
0.009419
0.000344
-0.000167
0.009419
0.000323
-0.000163
0.009271
0.000323
-0.000163
0.009271
0.000254
-0.000126
0.008697
0.000254
-0.000126
0.008697
0.000177
-0.000060
0.008641
0.000177
-0.000060
0.008641
0.000287
-0.000018
0.009388
0.000287
-0.000018
0.009388
0.000408
-0.000052
0.010025
0.000408
-0.000052
0.010025
0.000372
-0.000094
0.010099
0.000372
-0.000094
0.010099
0.000304
-0.000106
0.009943
0.000304
-0.000106
0.009943
0.000286
-0.000131
0.009895
0.000286
-0.000131
0.009895
0.000390
-0.000165
0.010439
0.000390
-0.000165
0.010439
0.000490
-0.000174
0.011413
0.000490
-0.000174
0.011413
0.000600
-0.000126
0.012248
0.000600
-0.000126
0.012248
0.000756
-0.000032
0.012938
0.000756
-0.000032
0.012938
0.000726
0.000031
0.013254
0.000726
0.000031
0.013254
0.000671
0.000000
0.013316
0.000671
0.000000
0.013316
0.000777
-0.000073
0.013588
0.000777
-0.000073
0.013588
0.000798
-0.000105
0.013815
0.000798
-0.000105
0.013815
0.000825
-0.000067
0.014095
0.000825
-0.000067
0.014095
0.000955
0.000013
0.014609
0.000955
0.000013
0.014609
0.000937
0.000057
0.014833
0.000937
0.000057
0.014833
0.000912
0.000014
0.014911
0.000912
0.000014
0.014911
0.001040
-0.000072
0.015220
0.001040
-0.000072
0.015220
0.001048
-0.000113
0.015493
0.001048
-0.000113
0.015493
0.001062
-0.000060
0.015780
0.001062
-0.000060
0.015780
0.001215
0.000047
0.016177
0.001215
0.000047
0.016177
0.001192
0.000103
0.016444
0.001192
0.000103
0.016444
0.001172
0.000039
0.016670
0.001172
0.000039
0.016670
0.001330
-0.000088
0.016859
0.001330
-0.000088
0.016859
0.001286
-0.000146
0.016866
0.001286
-0.000146
0.016866
0.001267
-0.000061
0.017072
0.001267
-0.000061
0.017072
0.001483
0.000103
0.017574
0.001483
0.000103
0.017574
0.001434
0.000185
0.017749
0.001434
0.000185
0.017749
0.001378
0.000087
0.017734
0.001378
0.000087
0.017734
0.001538
-0.000102
0.017313
0.001538
-0.000102
0.017313
0.001267
-0.000150
0.016153
0.001267
-0.000150
0.016153
0.001004
0.000074
0.015137
0.001004
0.000074
0.015137
0.001084
0.000435
0.014174
0.001084
0.000435
0.014174
0.000584
0.000536
0.011292
0.000584
0.000536
0.011292
0.000066
0.000306
0.007163
0.000066
0.000306
0.007163
0.000070
0.000117
0.004873
0.000070
0.000117
0.004873
0.000042
0.000056
0.003871
0.000042
0.000056
0.003871
0.000008
0.000033
0.002785
0.000008
0.000033
0.002785
0.000004
0.000023
0.001928
0.000004
0.000023
0.001928
0.000002
0.000017
0.001416
0.000002
0.000017
0.001416
0.000000
0.000014
0.001113
0.000000
0.000014
0.001113
-0.000001
0.000010
0.000847
-0.000001
0.000010
0.000847
-0.000001
0.000008
0.000625
-0.000001
0.000008
0.000625
-0.000001
0.000006
0.000464
-0.000001
0.000006
0.000464
-0.000001
0.000004
0.000348
-0.000001
0.000004
0.000348
-0.000001
0.000003
0.000255
-0.000001
0.000003
0.000255
-0.000001
0.000002
0.000181
-0.000001
0.000002
0.000181
-0.000001
0.000002
0.000128
-0.000001
0.000002
0.000128
-0.000001
0.000001
0.000090
-0.000001
0.000001
0.000090
-0.000000
0.000001
0.000061
-0.000000
0.000001
0.000061
-0.000000
0.000000
0.000031
-0.000000
0.000000
0.000031
-0.000000
0.000000
0.000035
-0.000000
0.000000
0.000035
-0.000000
0.000000
0.000026
-0.000000
0.000000
0.000026
-0.000132
0.000007
-0.002511
-0.000132
0.000007
-0.002511
-0.000143
0.000005
-0.002524
-0.000143
0.000005
-0.002524
-0.000141
0.000007
-0.002321
-0.000141
0.000007
-0.002321
-0.000127
0.000009
-0.002074
-0.000127
0.000009
-0.002074
-0.000111
0.000009
-0.001727
-0.000111
0.000009
-0.001727
-0.000057
0.000004
-0.000853
-0.000057
0.000004
-0.000853
0.000045
-0.000001
0.000540
0.000045
-0.000001
0.000540
0.000124
-0.000004
0.001531
0.000124
-0.000004
0.001531
0.000163
-0.000009
0.001974
0.000163
-0.000009
0.001974
0.000245
-0.000010
0.002909
0.000245
-0.000010
0.002909
0.000411
-0.000011
0.004469
0.000411
-0.000011
0.004469
0.000528
-0.000018
0.005413
0.000528
-0.000018
0.005413
0.000532
-0.000032
0.005673
0.000532
-0.000032
0.005673
0.000935
-0.000092
0.009631
0.000935
-0.000092
0.009631
0.002705
-0.000530
0.017732
0.002705
-0.000530
0.017732
0.005361
-0.002201
0.026822
0.005361
-0.002201
0.026822
0.010744
-0.004554
0.035126
0.010744
-0.004554
0.035126
0.013951
-0.005236
0.036275
0.013951
-0.005236
0.036275
0.009744
-0.003943
0.030738
0.009744
-0.003943
0.030738
0.004914
-0.001950
0.022326
0.004914
-0.001950
0.022326
0.001902
-0.000594
0.011936
0.001902
-0.000594
0.011936
0.000089
0.000227
-0.000389
0.000089
0.000227
-0.000389
0.000932
0.001719
-0.014598
0.000932
0.001719
-0.014598
0.001928
0.002507
-0.020237
0.001928
0.002507
-0.020237
0.000636
0.001755
-0.014934
0.000636
0.001755
-0.014934
-0.000273
0.000586
-0.005763
-0.000273
0.000586
-0.005763
0.000689
-0.000040
0.004465
0.000689
-0.000040
0.004465
0.001619
-0.000091
0.010451
0.001619
-0.000091
0.010451
0.001840
-0.000069
0.011910
0.001840
-0.000069
0.011910
0.001911
-0.000034
0.012811
0.001911
-0.000034
0.012811
0.002149
-0.000018
0.013915
0.002149
-0.000018
0.013915
0.002316
-0.000050
0.014622
0.002316
-0.000050
0.014622
0.002330
-0.000075
0.014720
0.002330
-0.000075
0.014720
0.002360
-0.000031
0.014949
0.002360
-0.000031
0.014949
0.002503
0.000011
0.015492
0.002503
0.000011
0.015492
0.002626
-0.000028
0.015924
0.002626
-0.000028
0.015924
0.002672
-0.000067
0.016129
0.002672
-0.000067
0.016129
0.002720
-0.000020
0.016377
0.002720
-0.000020
0.016377
0.002817
0.000026
0.016676
0.002817
0.000026
0.016676
0.002898
-0.000022
0.016902
0.002898
-0.000022
0.016902
0.002947
-0.000067
0.017084
0.002947
-0.000067
0.017084
0.002987
-0.000008
0.017262
0.002987
-0.000008
0.017262
0.003046
0.000045
0.017379
0.003046
0.000045
0.017379
0.003095
-0.000019
0.017486
0.003095
-0.000019
0.017486
0.003142
-0.000076
0.017637
0.003142
-0.000076
0.017637
0.003184
-0.000001
0.017821
0.003184
-0.000001
0.017821
0.003246
0.000070
0.017988
0.003246
0.000070
0.017988
0.003284
-0.000011
0.018102
0.003284
-0.000011
0.018102
0.003338
-0.000085
0.018199
0.003338
-0.000085
0.018199
0.003384
0.000022
0.018399
0.003384
0.000022
0.018399
0.003432
0.000121
0.018570
0.003432
0.000121
0.018570
0.003446
0.000003
0.018716
0.003446
0.000003
0.018716
0.003674
-0.000060
0.019150
0.003674
-0.000060
0.019150
0.003800
0.000211
0.019291
0.003800
0.000211
0.019291
0.003680
0.000490
0.018928
0.003680
0.000490
0.018928
0.003301
0.000460
0.016985
0.003301
0.000460
0.016985
0.002398
0.000319
0.013374
0.002398
0.000319
0.013374
0.001608
0.000222
0.009931
0.001608
0.000222
0.009931
0.001035
0.000141
0.007110
0.001035
0.000141
0.007110
0.000721
0.000088
0.005194
0.000721
0.000088
0.005194
0.000538
0.000062
0.004012
0.000538
0.000062
0.004012
0.000402
0.000045
0.003086
0.000402
0.000045
0.003086
0.000299
0.000034
0.002352
0.000299
0.000034
0.002352
0.000229
0.000026
0.001836
0.000229
0.000026
0.001836
0.000180
0.000020
0.001467
0.000180
0.000020
0.001467
0.000141
0.000016
0.001166
0.000141
0.000016
0.001166
0.000110
0.000013
0.000926
0.000110
0.000013
0.000926
0.000086
0.000010
0.000732
0.000086
0.000010
0.000732
0.000068
0.000008
0.000586
0.000068
0.000008
0.000586
0.000054
0.000006
0.000472
0.000054
0.000006
0.000472
0.000044
0.000005
0.000384
0.000044
0.000005
0.000384
0.000034
0.000004
0.000303
0.000034
0.000004
0.000303
0.000028
0.000003
0.000248
0.000028
0.000003
0.000248
