0.000740
-0.000002
-0.000115
0.000740
-0.000002
-0.000115
0.001178
-0.000002
-0.000040
0.001178
-0.000002
-0.000040
0.001599
-0.000002
0.000230
0.001599
-0.000002
0.000230
0.001710
-0.000003
0.000859
0.001710
-0.000003
0.000859
0.001359
-0.000005
0.001397
0.001359
-0.000005
0.001397
0.000900
-0.000008
0.001450
0.000900
-0.000008
0.001450
0.000593
-0.000010
0.001319
0.000593
-0.000010
0.001319
0.000426
-0.000010
0.001189
0.000426
-0.000010
0.001189
0.000321
-0.000008
0.001069
0.000321
-0.000008
0.001069
0.000238
-0.000004
0.000951
0.000238
-0.000004
0.000951
0.000180
-0.000002
0.000853
0.000180
-0.000002
0.000853
0.000138
0.000000
0.000768
0.000138
0.000000
0.000768
0.000105
0.000002
0.000692
0.000105
0.000002
0.000692
0.000087
0.000002
0.000635
0.000087
0.000002
0.000635
0.000072
0.000001
0.000571
0.000072
0.000001
0.000571
0.000052
-0.000000
0.000491
0.000052
-0.000000
0.000491
0.000037
-0.000001
0.000418
0.000037
-0.000001
0.000418
0.000026
-0.000002
0.000356
0.000026
-0.000002
0.000356
0.000017
-0.000002
0.000295
0.000017
-0.000002
0.000295
0.000008
-0.000003
0.000228
0.000008
-0.000003
0.000228
0.000003
-0.000003
0.000169
0.000003
-0.000003
0.000169
-0.000000
-0.000003
0.000127
-0.000000
-0.000003
0.000127
-0.000001
-0.000002
0.000081
-0.000001
-0.000002
0.000081
-0.000001
-0.000002
0.000040
-0.000001
-0.000002
0.000040
0.000001
0.000001
-0.000019
0.000001
0.000001
-0.000019
0.000016
0.000007
-0.000118
0.000016
0.000007
-0.000118
0.000019
0.000006
-0.000117
0.000019
0.000006
-0.000117
0.000000
0.000000
-0.000002
0.000000
0.000000
-0.000002
-0.000014
-0.000002
0.000073
-0.000014
-0.000002
0.000073
-0.000022
-0.000002
0.000111
-0.000022
-0.000002
0.000111
-0.000034
-0.000002
0.000165
-0.000034
-0.000002
0.000165
-0.000052
-0.000002
0.000238
-0.000052
-0.000002
0.000238
-0.000077
-0.000001
0.000334
-0.000077
-0.000001
0.000334
-0.000103
0.000001
0.000432
-0.000103
0.000001
0.000432
-0.000126
0.000004
0.000520
-0.000126
0.000004
0.000520
-0.000141
0.000006
0.000608
-0.000141
0.000006
0.000608
-0.000147
0.000004
0.000658
-0.000147
0.000004
0.000658
-0.000152
0.000000
0.000670
-0.000152
0.000000
0.000670
-0.000162
-0.000004
0.000707
-0.000162
-0.000004
0.000707
-0.000167
-0.000006
0.000761
-0.000167
-0.000006
0.000761
-0.000164
-0.000004
0.000783
-0.000164
-0.000004
0.000783
-0.000166
0.000001
0.000777
-0.000166
0.000001
0.000777
-0.000173
0.000006
0.000797
-0.000173
0.000006
0.000797
-0.000175
0.000009
0.000846
-0.000175
0.000009
0.000846
-0.000171
0.000006
0.000868
-0.000171
0.000006
0.000868
-0.000173
0.000000
0.000854
-0.000173
0.000000
0.000854
-0.000179
-0.000006
0.000865
-0.000179
-0.000006
0.000865
-0.000177
-0.000009
0.000906
-0.000177
-0.000009
0.000906
-0.000170
-0.000006
0.000919
-0.000170
-0.000006
0.000919
-0.000171
0.000001
0.000896
-0.000171
0.000001
0.000896
-0.000178
0.000008
0.000900
-0.000178
0.000008
0.000900
-0.000177
0.000012
0.000944
-0.000177
0.000012
0.000944
-0.000171
0.000009
0.000962
-0.000171
0.000009
0.000962
-0.000173
0.000001
0.000938
-0.000173
0.000001
0.000938
-0.000180
-0.000006
0.000942
-0.000180
-0.000006
0.000942
-0.000177
-0.000010
0.000984
-0.000177
-0.000010
0.000984
-0.000169
-0.000007
0.000998
-0.000169
-0.000007
0.000998
-0.000171
0.000001
0.000973
-0.000171
0.000001
0.000973
-0.000178
0.000008
0.000975
-0.000178
0.000008
0.000975
-0.000176
0.000012
0.001018
-0.000176
0.000012
0.001018
-0.000171
0.000009
0.001038
-0.000171
0.000009
0.001038
-0.000174
0.000002
0.001022
-0.000174
0.000002
0.001022
-0.000181
-0.000005
0.001031
-0.000181
-0.000005
0.001031
-0.000177
-0.000009
0.001069
-0.000177
-0.000009
0.001069
-0.000168
-0.000006
0.001081
-0.000168
-0.000006
0.001081
-0.000170
0.000000
0.001068
-0.000170
0.000000
0.001068
-0.000176
0.000006
0.001078
-0.000176
0.000006
0.001078
-0.000173
0.000010
0.001115
-0.000173
0.000010
0.001115
-0.000167
0.000007
0.001131
-0.000167
0.000007
0.001131
-0.000169
0.000002
0.001124
-0.000169
0.000002
0.001124
-0.000174
-0.000003
0.001138
-0.000174
-0.000003
0.001138
-0.000169
-0.000007
0.001170
-0.000169
-0.000007
0.001170
-0.000161
-0.000004
0.001180
-0.000161
-0.000004
0.001180
-0.000162
0.000000
0.001174
-0.000162
0.000000
0.001174
-0.000165
0.000005
0.001187
-0.000165
0.000005
0.001187
-0.000161
0.000008
0.001218
-0.000161
0.000008
0.001218
-0.000155
0.000006
0.001232
-0.000155
0.000006
0.001232
-0.000156
0.000002
0.001231
-0.000156
0.000002
0.001231
-0.000158
-0.000002
0.001247
-0.000158
-0.000002
0.001247
-0.000152
-0.000005
0.001272
-0.000152
-0.000005
0.001272
-0.000144
-0.000003
0.001282
-0.000144
-0.000003
0.001282
-0.000144
0.000000
0.001284
-0.000144
0.000000
0.001284
-0.000145
0.000004
0.001298
-0.000145
0.000004
0.001298
-0.000141
0.000006
0.001321
-0.000141
0.000006
0.001321
-0.000135
0.000004
0.001334
-0.000135
0.000004
0.001334
-0.000134
0.000002
0.001340
-0.000134
0.000002
0.001340
-0.000134
-0.000001
0.001356
-0.000134
-0.000001
0.001356
-0.000128
-0.000003
0.001377
-0.000128
-0.000003
0.001377
-0.000121
-0.000002
0.001386
-0.000121
-0.000002
0.001386
-0.000119
0.000000
0.001391
-0.000119
0.000000
0.001391
-0.000118
0.000003
0.001406
-0.000118
0.000003
0.001406
-0.000113
0.000004
0.001426
-0.000113
0.000004
0.001426
-0.000107
0.000003
0.001441
-0.000107
0.000003
0.001441
-0.000105
0.000002
0.001451
-0.000105
0.000002
0.001451
-0.000102
0.000000
0.001466
-0.000102
0.000000
0.001466
-0.000097
-0.000001
0.001486
-0.000097
-0.000001
0.001486
-0.000090
-0.000001
0.001501
-0.000090
-0.000001
0.001501
-0.000087
0.000001
0.001510
-0.000087
0.000001
0.001510
-0.000083
0.000001
0.001519
-0.000083
0.000001
0.001519
-0.000078
0.000002
0.001535
-0.000078
0.000002
0.001535
-0.000072
0.000002
0.001552
-0.000072
0.000002
0.001552
-0.000068
0.000001
0.001561
-0.000068
0.000001
0.001561
-0.000063
0.000000
0.001566
-0.000063
0.000000
0.001566
-0.000057
-0.000000
0.001578
-0.000057
-0.000000
0.001578
0.000002
0.000000
-0.000000
0.000002
0.000000
-0.000000
0.000002
0.000000
-0.000000
0.000002
0.000000
-0.000000
0.000002
0.000000
-0.000000
0.000002
0.000000
-0.000000
0.000002
0.000000
-0.000000
0.000002
0.000000
-0.000000
0.000001
0.000000
-0.000000
0.000001
0.000000
-0.000000
0.000001
0.000000
-0.000000
0.000001
0.000000
-0.000000
0.000002
0.000000
-0.000000
0.000002
0.000000
-0.000000
0.000002
0.000000
-0.000000
0.000002
0.000000
-0.000000
0.000002
0.000000
-0.000000
0.000002
0.000000
-0.000000
0.000002
0.000000
-0.000000
0.000002
0.000000
-0.000000
0.000002
0.000000
-0.000000
0.000002
0.000000
-0.000000
0.000002
0.000000
-0.000000
0.000002
0.000000
-0.000000
0.000002
0.000000
-0.000000
0.000002
0.000000
-0.000000
0.000002
0.000000
-0.000000
0.000002
0.000000
-0.000000
0.000003
0.000000
-0.000000
0.000003
0.000000
-0.000000
0.000003
0.000000
-0.000000
0.000003
0.000000
-0.000000
0.000003
0.000000
-0.000000
0.000003
0.000000
-0.000000
0.000003
0.000000
-0.000000
0.000003
0.000000
-0.000000
0.000003
0.000000
-0.000000
0.000003
0.000000
-0.000000
0.000003
0.000000
-0.000000
0.000003
0.000000
-0.000000
0.000002
0.000000
-0.000000
0.000002
0.000000
-0.000000
0.000002
0.000000
-0.000000
0.000002
0.000000
-0.000000
0.000002
0.000000
-0.000000
0.000002
0.000000
-0.000000
0.000001
0.000000
-0.000000
0.000001
0.000000
-0.000000
-0.000001
-0.000000
0.000000
-0.000001
-0.000000
0.000000
0.000000
0.000000
-0.000000
0.000000
0.000000
-0.000000
-0.000008
-0.000000
0.000000
-0.000008
-0.000000
0.000000
-0.000001
-0.000000
0.000000
-0.000001
-0.000000
0.000000
0.000060
0.000000
-0.000002
0.000060
0.000000
-0.000002
0.000051
-0.000000
-0.000008
0.000051
-0.000000
-0.000008
-0.001069
0.000008
0.003367
-0.001069
0.000008
0.003367
-0.001165
0.000006
0.003843
-0.001165
0.000006
0.003843
-0.001092
-0.000000
0.003836
-0.001092
-0.000000
0.003836
-0.001013
-0.000007
0.003803
-0.001013
-0.000007
0.003803
-0.000947
-0.000009
0.003737
-0.000947
-0.000009
0.003737
-0.000890
-0.000004
0.003697
-0.000890
-0.000004
0.003697
-0.000820
0.000005
0.003676
-0.000820
0.000005
0.003676
-0.000743
0.000013
0.003613
-0.000743
0.000013
0.003613
-0.000682
0.000017
0.003527
-0.000682
0.000017
0.003527
-0.000629
0.000012
0.003464
-0.000629
0.000012
0.003464
-0.000559
0.000003
0.003402
-0.000559
0.000003
0.003402
-0.000484
-0.000006
0.003292
-0.000484
-0.000006
0.003292
-0.000426
-0.000010
0.003139
-0.000426
-0.000010
0.003139
-0.000376
-0.000007
0.003008
-0.000376
-0.000007
0.003008
-0.000313
-0.000000
0.002888
-0.000313
-0.000000
0.002888
-0.000250
0.000005
0.002711
-0.000250
0.000005
0.002711
-0.000205
0.000004
0.002494
-0.000205
0.000004
0.002494
-0.000169
-0.000004
0.002287
-0.000169
-0.000004
0.002287
-0.000128
-0.000016
0.002094
-0.000128
-0.000016
0.002094
-0.000092
-0.000027
0.001826
-0.000092
-0.000027
0.001826
-0.000110
-0.000023
0.001483
-0.000110
-0.000023
0.001483
-0.000141
0.000002
0.001305
-0.000141
0.000002
0.001305
-0.000133
0.000037
0.001303
-0.000133
0.000037
0.001303
-0.000114
0.000065
0.001170
-0.000114
0.000065
0.001170
-0.000135
0.000066
0.000899
-0.000135
0.000066
0.000899
-0.000193
0.000054
0.000879
-0.000193
0.000054
0.000879
-0.000238
0.000043
0.001096
-0.000238
0.000043
0.001096
-0.000262
0.000025
0.001195
-0.000262
0.000025
0.001195
-0.000287
0.000010
0.001205
-0.000287
0.000010
0.001205
-0.000333
0.000006
0.001312
-0.000333
0.000006
0.001312
-0.000373
0.000007
0.001486
-0.000373
0.000007
0.001486
-0.000400
0.000007
0.001623
-0.000400
0.000007
0.001623
-0.000417
0.000006
0.001731
-0.000417
0.000006
0.001731
-0.000429
0.000004
0.001831
-0.000429
0.000004
0.001831
-0.000434
0.000002
0.001908
-0.000434
0.000002
0.001908
-0.000432
-0.000002
0.001961
-0.000432
-0.000002
0.001961
-0.000436
-0.000005
0.001995
-0.000436
-0.000005
0.001995
-0.000446
-0.000003
0.002053
-0.000446
-0.000003
0.002053
-0.000448
0.000002
0.002130
-0.000448
0.000002
0.002130
-0.000443
0.000005
0.002179
-0.000443
0.000005
0.002179
-0.000443
0.000007
0.002217
-0.000443
0.000007
0.002217
-0.000446
0.000006
0.002273
-0.000446
0.000006
0.002273
-0.000441
0.000002
0.002326
-0.000441
0.000002
0.002326
-0.000431
-0.000002
0.002357
-0.000431
-0.000002
0.002357
-0.000429
-0.000004
0.002375
-0.000429
-0.000004
0.002375
-0.000430
-0.000003
0.002415
-0.000430
-0.000003
0.002415
-0.000424
0.000000
0.002467
-0.000424
0.000000
0.002467
-0.000415
0.000003
0.002501
-0.000415
0.000003
0.002501
-0.000409
0.000004
0.002533
-0.000409
0.000004
0.002533
-0.000404
0.000004
0.002573
-0.000404
0.000004
0.002573
-0.000395
0.000002
0.002609
-0.000395
0.000002
0.002609
-0.000384
0.000000
0.002633
-0.000384
0.000000
0.002633
-0.000377
-0.000001
0.002653
-0.000377
-0.000001
0.002653
-0.000371
-0.000001
0.002682
-0.000371
-0.000001
0.002682
-0.000362
-0.000000
0.002718
-0.000362
-0.000000
0.002718
-0.000352
-0.000000
0.002749
-0.000352
-0.000000
0.002749
-0.000340
0.000000
0.002778
-0.000340
0.000000
0.002778
-0.000328
0.000001
0.002800
-0.000328
0.000001
0.002800
-0.000317
0.000002
0.002820
-0.000317
0.000002
0.002820
-0.000307
0.000002
0.002846
-0.000307
0.000002
0.002846
-0.000294
0.000002
0.002866
-0.000294
0.000002
0.002866
-0.000281
0.000001
0.002878
-0.000281
0.000001
0.002878
-0.000270
-0.000001
0.002892
-0.000270
-0.000001
0.002892
-0.000260
-0.000003
0.002919
-0.000260
-0.000003
0.002919
-0.000244
-0.000004
0.002948
-0.000244
-0.000004
0.002948
-0.000227
-0.000002
0.002961
-0.000227
-0.000002
0.002961
-0.000215
0.000001
0.002966
-0.000215
0.000001
0.002966
-0.000204
0.000004
0.002987
-0.000204
0.000004
0.002987
-0.000182
0.000004
0.003017
-0.000182
0.000004
0.003017
-0.000157
-0.000003
0.003023
-0.000157
-0.000003
0.003023
-0.000144
-0.000013
0.003011
-0.000144
-0.000013
0.003011
-0.000133
-0.000024
0.003019
-0.000133
-0.000024
0.003019
-0.000097
-0.000032
0.003042
-0.000097
-0.000032
0.003042
-0.000060
-0.000029
0.003025
-0.000060
-0.000029
0.003025
-0.000050
-0.000022
0.002971
-0.000050
-0.000022
0.002971
-0.000958
0.000007
0.002891
-0.000958
0.000007
0.002891
-0.001003
0.000005
0.002897
-0.001003
0.000005
0.002897
-0.001047
0.000003
0.002898
-0.001047
0.000003
0.002898
-0.001090
0.000001
0.002889
-0.001090
0.000001
0.002889
-0.001131
-0.000000
0.002881
-0.001131
-0.000000
0.002881
-0.001175
-0.000000
0.002875
-0.001175
-0.000000
0.002875
-0.001221
0.000000
0.002863
-0.001221
0.000000
0.002863
-0.001267
0.000000
0.002847
-0.001267
0.000000
0.002847
-0.001313
0.000000
0.002825
-0.001313
0.000000
0.002825
-0.001354
0.000001
0.002786
-0.001354
0.000001
0.002786
-0.001396
0.000001
0.002744
-0.001396
0.000001
0.002744
-0.001443
0.000002
0.002707
-0.001443
0.000002
0.002707
-0.001489
0.000002
0.002662
-0.001489
0.000002
0.002662
-0.001535
0.000003
0.002609
-0.001535
0.000003
0.002609
-0.001581
0.000004
0.002544
-0.001581
0.000004
0.002544
-0.001623
0.000003
0.002466
-0.001623
0.000003
0.002466
-0.001659
0.000002
0.002374
-0.001659
0.000002
0.002374
-0.001689
0.000001
0.002269
-0.001689
0.000001
0.002269
-0.001715
0.000000
0.002150
-0.001715
0.000000
0.002150
-0.001716
-0.000001
0.001992
-0.001716
-0.000001
0.001992
-0.001692
-0.000000
0.001800
-0.001692
-0.000000
0.001800
-0.001646
0.000001
0.001596
-0.001646
0.000001
0.001596
-0.001561
0.000001
0.001362
-0.001561
0.000001
0.001362
-0.001419
0.000002
0.001095
-0.001419
0.000002
0.001095
-0.001195
0.000002
0.000799
-0.001195
0.000002
0.000799
-0.000870
0.000002
0.000490
-0.000870
0.000002
0.000490
-0.000411
0.000001
0.000194
-0.000411
0.000001
0.000194
0.000191
-0.000000
-0.000037
0.000191
-0.000000
-0.000037
0.000029
0.000000
0.000000
0.000029
0.000000
0.000000
0.000036
0.000000
-0.000001
0.000036
0.000000
-0.000001
0.000003
0.000000
-0.000000
0.000003
0.000000
-0.000000
-0.000001
-0.000000
0.000000
-0.000001
-0.000000
0.000000
0.000004
0.000000
-0.000000
0.000004
0.000000
-0.000000
0.000003
0.000000
-0.000000
0.000003
0.000000
-0.000000
0.000004
0.000000
-0.000000
0.000004
0.000000
-0.000000
0.000005
0.000000
-0.000000
0.000005
0.000000
-0.000000
0.000005
0.000000
-0.000000
0.000005
0.000000
-0.000000
0.000005
0.000000
-0.000000
0.000005
0.000000
-0.000000
0.000006
0.000000
-0.000000
0.000006
0.000000
-0.000000
0.000006
0.000000
-0.000000
0.000006
0.000000
-0.000000
0.000006
0.000000
-0.000000
0.000006
0.000000
-0.000000
0.000006
0.000000
-0.000000
0.000006
0.000000
-0.000000
0.000005
0.000000
-0.000000
0.000005
0.000000
-0.000000
0.000005
0.000000
-0.000000
0.000005
0.000000
-0.000000
0.000005
0.000000
-0.000000
0.000005
0.000000
-0.000000
0.000005
0.000000
-0.000000
0.000005
0.000000
-0.000000
0.000005
0.000000
-0.000000
0.000005
0.000000
-0.000000
0.000004
0.000000
-0.000000
0.000004
0.000000
-0.000000
0.000004
0.000000
-0.000000
0.000004
0.000000
-0.000000
0.000004
0.000000
-0.000000
0.000004
0.000000
-0.000000
0.000004
0.000000
-0.000000
0.000004
0.000000
-0.000000
0.000003
0.000000
-0.000000
0.000003
0.000000
-0.000000
0.000003
0.000000
-0.000000
0.000003
0.000000
-0.000000
0.000003
0.000000
-0.000000
0.000003
0.000000
-0.000000
0.000002
0.000000
-0.000000
0.000002
0.000000
-0.000000
0.000002
0.000000
-0.000000
0.000002
0.000000
-0.000000
0.000002
0.000000
-0.000000
0.000002
0.000000
-0.000000
-0.000056
-0.000001
0.001754
-0.000056
-0.000001
0.001754
-0.000058
-0.000002
0.002111
-0.000058
-0.000002
0.002111
-0.000062
-0.000003
0.002511
-0.000062
-0.000003
0.002511
-0.000058
-0.000000
0.002753
-0.000058
-0.000000
0.002753
-0.000040
0.000005
0.002809
-0.000040
0.000005
0.002809
-0.000026
0.000007
0.002827
-0.000026
0.000007
0.002827
-0.000010
0.000004
0.002822
-0.000010
0.000004
0.002822
0.000014
-0.000003
0.002841
0.000014
-0.000003
0.002841
0.000024
-0.000006
0.002863
0.000024
-0.000006
0.002863
0.000036
-0.000000
0.002878
0.000036
-0.000000
0.002878
0.000063
0.000011
0.002888
0.000063
0.000011
0.002888
0.000075
0.000016
0.002886
0.000075
0.000016
0.002886
0.000089
0.000009
0.002905
0.000089
0.000009
0.002905
0.000120
-0.000006
0.002924
0.000120
-0.000006
0.002924
0.000125
-0.000013
0.002899
0.000125
-0.000013
0.002899
0.000132
-0.000003
0.002898
0.000132
-0.000003
0.002898
0.000167
0.000015
0.002922
0.000167
0.000015
0.002922
0.000174
0.000024
0.002905
0.000174
0.000024
0.002905
0.000183
0.000013
0.002906
0.000183
0.000013
0.002906
0.000220
-0.000009
0.002919
0.000220
-0.000009
0.002919
0.000218
-0.000020
0.002868
0.000218
-0.000020
0.002868
0.000219
-0.000006
0.002857
0.000219
-0.000006
0.002857
0.000260
0.000019
0.002890
0.000260
0.000019
0.002890
0.000261
0.000031
0.002850
0.000261
0.000031
0.002850
0.000263
0.000016
0.002820
0.000263
0.000016
0.002820
0.000304
-0.000012
0.002829
0.000304
-0.000012
0.002829
0.000295
-0.000025
0.002775
0.000295
-0.000025
0.002775
0.000289
-0.000009
0.002739
0.000289
-0.000009
0.002739
0.000330
0.000022
0.002733
0.000330
0.000022
0.002733
0.000321
0.000036
0.002659
0.000321
0.000036
0.002659
0.000317
0.000019
0.002626
0.000317
0.000019
0.002626
0.000357
-0.000014
0.002613
0.000357
-0.000014
0.002613
0.000333
-0.000028
0.002489
0.000333
-0.000028
0.002489
0.000316
-0.000010
0.002421
0.000316
-0.000010
0.002421
0.000357
0.000024
0.002422
0.000357
0.000024
0.002422
0.000335
0.000038
0.002301
0.000335
0.000038
0.002301
0.000317
0.000019
0.002213
0.000317
0.000019
0.002213
0.000352
-0.000015
0.002187
0.000352
-0.000015
0.002187
0.000317
-0.000030
0.002038
0.000317
-0.000030
0.002038
0.000290
-0.000010
0.001946
0.000290
-0.000010
0.001946
0.000323
0.000024
0.001922
0.000323
0.000024
0.001922
0.000287
0.000037
0.001754
0.000287
0.000037
0.001754
0.000263
0.000018
0.001664
0.000263
0.000018
0.001664
0.000291
-0.000014
0.001634
0.000291
-0.000014
0.001634
0.000237
-0.000026
0.001394
0.000237
-0.000026
0.001394
0.000199
-0.000007
0.001266
0.000199
-0.000007
0.001266
0.000229
0.000022
0.001271
0.000229
0.000022
0.001271
0.000179
0.000030
0.001017
0.000179
0.000030
0.001017
0.000135
0.000013
0.000828
0.000135
0.000013
0.000828
0.000136
-0.000005
0.000733
0.000136
-0.000005
0.000733
0.000062
-0.000007
0.000313
0.000062
-0.000007
0.000313
0.000016
0.000004
0.000116
0.000016
0.000004
0.000116
0.000012
0.000002
0.000088
0.000012
0.000002
0.000088
-0.000010
-0.000042
-0.000409
-0.000010
-0.000042
-0.000409
-0.000011
-0.000051
-0.000547
-0.000011
-0.000051
-0.000547
-0.000004
-0.000011
-0.000157
-0.000004
-0.000011
-0.000157
-0.000001
-0.000002
-0.000047
-0.000001
-0.000002
-0.000047
-0.000001
-0.000003
-0.000075
-0.000001
-0.000003
-0.000075
-0.000000
-0.000001
-0.000035
-0.000000
-0.000001
-0.000035
-0.000000
-0.000001
-0.000021
-0.000000
-0.000001
-0.000021
-0.000000
-0.000001
-0.000016
-0.000000
-0.000001
-0.000016
-0.000000
-0.000000
-0.000011
-0.000000
-0.000000
-0.000011
-0.000000
-0.000000
-0.000008
-0.000000
-0.000000
-0.000008
-0.000000
-0.000000
-0.000007
-0.000000
-0.000000
-0.000007
0.000000
-0.000000
-0.000008
0.000000
-0.000000
-0.000008
0.000000
-0.000000
-0.000007
0.000000
-0.000000
-0.000007
0.000000
-0.000000
-0.000006
0.000000
-0.000000
-0.000006
0.000000
-0.000000
-0.000005
0.000000
-0.000000
-0.000005
0.000000
-0.000000
-0.000006
0.000000
-0.000000
-0.000006
0.000000
-0.000000
-0.000003
0.000000
-0.000000
-0.000003
0.000000
-0.000000
-0.000006
0.000000
-0.000000
-0.000006
-0.000000
0.000000
0.000006
-0.000000
0.000000
0.000006
-0.000000
0.000000
0.000007
-0.000000
0.000000
0.000007
-0.000046
-0.000019
0.003232
-0.000046
-0.000019
0.003232
-0.000049
-0.000020
0.003853
-0.000049
-0.000020
0.003853
-0.000051
-0.000021
0.004584
-0.000051
-0.000021
0.004584
-0.000046
-0.000026
0.005139
-0.000046
-0.000026
0.005139
-0.000007
-0.000024
0.005326
-0.000007
-0.000024
0.005326
0.000036
-0.000003
0.005359
0.000036
-0.000003
0.005359
0.000086
0.000013
0.005362
0.000086
0.000013
0.005362
0.000135
-0.000001
0.005370
0.000135
-0.000001
0.005370
0.000187
-0.000015
0.005380
0.000187
-0.000015
0.005380
0.000237
0.000002
0.005376
0.000237
0.000002
0.005376
0.000284
0.000018
0.005354
0.000284
0.000018
0.005354
0.000329
-0.000000
0.005331
0.000329
-0.000000
0.005331
0.000379
-0.000017
0.005308
0.000379
-0.000017
0.005308
0.000427
0.000003
0.005278
0.000427
0.000003
0.005278
0.000470
0.000022
0.005242
0.000470
0.000022
0.005242
0.000511
0.000001
0.005201
0.000511
0.000001
0.005201
0.000556
-0.000019
0.005152
0.000556
-0.000019
0.005152
0.000598
0.000003
0.005095
0.000598
0.000003
0.005095
0.000635
0.000024
0.005033
0.000635
0.000024
0.005033
0.000667
0.000001
0.004964
0.000667
0.000001
0.004964
0.000704
-0.000021
0.004886
0.000704
-0.000021
0.004886
0.000736
0.000003
0.004797
0.000736
0.000003
0.004797
0.000760
0.000026
0.004700
0.000760
0.000026
0.004700
0.000782
0.000002
0.004604
0.000782
0.000002
0.004604
0.000807
-0.000021
0.004506
0.000807
-0.000021
0.004506
0.000827
0.000003
0.004395
0.000827
0.000003
0.004395
0.000837
0.000026
0.004274
0.000837
0.000026
0.004274
0.000844
0.000002
0.004154
0.000844
0.000002
0.004154
0.000855
-0.000021
0.004034
0.000855
-0.000021
0.004034
0.000862
0.000003
0.003911
0.000862
0.000003
0.003911
0.000860
0.000026
0.003785
0.000860
0.000026
0.003785
0.000856
0.000002
0.003658
0.000856
0.000002
0.003658
0.000853
-0.000020
0.003529
0.000853
-0.000020
0.003529
0.000849
0.000003
0.003400
0.000849
0.000003
0.003400
0.000835
0.000025
0.003271
0.000835
0.000025
0.003271
0.000820
0.000003
0.003139
0.000820
0.000003
0.003139
0.000806
-0.000019
0.003007
0.000806
-0.000019
0.003007
0.000791
0.000004
0.002873
0.000791
0.000004
0.002873
0.000765
0.000024
0.002733
0.000765
0.000024
0.002733
0.000737
0.000002
0.002592
0.000737
0.000002
0.002592
0.000715
-0.000017
0.002460
0.000715
-0.000017
0.002460
0.000690
0.000004
0.002323
0.000690
0.000004
0.002323
0.000650
0.000022
0.002168
0.000650
0.000022
0.002168
0.000612
0.000002
0.002019
0.000612
0.000002
0.002019
0.000583
-0.000015
0.001892
0.000583
-0.000015
0.001892
0.000552
0.000004
0.001759
0.000552
0.000004
0.001759
0.000504
0.000020
0.001604
0.000504
0.000020
0.001604
0.000461
0.000003
0.001458
0.000461
0.000003
0.001458
0.000430
-0.000011
0.001337
0.000430
-0.000011
0.001337
0.000396
0.000005
0.001211
0.000396
0.000005
0.001211
0.000344
0.000018
0.001061
0.000344
0.000018
0.001061
0.000297
0.000004
0.000921
0.000297
0.000004
0.000921
0.000281
-0.000004
0.000830
0.000281
-0.000004
0.000830
0.000253
0.000015
0.000711
0.000253
0.000015
0.000711
0.000191
0.000032
0.000562
0.000191
0.000032
0.000562
0.000138
0.000027
0.000413
0.000138
0.000027
0.000413
0.000076
0.000016
0.000252
0.000076
0.000016
0.000252
0.000036
0.000010
0.000142
0.000036
0.000010
0.000142
0.000020
0.000006
0.000095
0.000020
0.000006
0.000095
0.000015
0.000004
0.000076
0.000015
0.000004
0.000076
0.000011
0.000003
0.000060
0.000011
0.000003
0.000060
0.000008
0.000002
0.000043
0.000008
0.000002
0.000043
0.000006
0.000001
0.000032
0.000006
0.000001
0.000032
0.000004
0.000001
0.000024
0.000004
0.000001
0.000024
0.000003
0.000001
0.000018
0.000003
0.000001
0.000018
0.000002
0.000001
0.000014
0.000002
0.000001
0.000014
0.000002
0.000000
0.000012
0.000002
0.000000
0.000012
0.000001
0.000000
0.000009
0.000001
0.000000
0.000009
0.000001
0.000000
0.000007
0.000001
0.000000
0.000007
0.000001
0.000000
0.000005
0.000001
0.000000
0.000005
0.000001
0.000000
0.000006
0.000001
0.000000
0.000006
-0.000000
-0.000000
-0.000001
-0.000000
-0.000000
-0.000001
-0.000001
-0.000000
-0.000005
-0.000001
-0.000000
-0.000005
