0.000568
-0.000001
-0.000083
0.000568
-0.000001
-0.000083
0.001043
-0.000002
-0.000033
0.001043
-0.000002
-0.000033
0.001504
-0.000002
0.000219
0.001504
-0.000002
0.000219
0.001683
-0.000004
0.000852
0.001683
-0.000004
0.000852
0.001387
-0.000007
0.001429
0.001387
-0.000007
0.001429
0.000946
-0.000010
0.001526
0.000946
-0.000010
0.001526
0.000636
-0.000013
0.001419
0.000636
-0.000013
0.001419
0.000466
-0.000014
0.001302
0.000466
-0.000014
0.001302
0.000359
-0.000010
0.001191
0.000359
-0.000010
0.001191
0.000271
-0.000006
0.001078
0.000271
-0.000006
0.001078
0.000207
-0.000002
0.000982
0.000207
-0.000002
0.000982
0.000161
0.000000
0.000902
0.000161
0.000000
0.000902
0.000126
0.000003
0.000829
0.000126
0.000003
0.000829
0.000107
0.000004
0.000777
0.000107
0.000004
0.000777
0.000091
0.000002
0.000718
0.000091
0.000002
0.000718
0.000069
0.000000
0.000640
0.000069
0.000000
0.000640
0.000051
-0.000002
0.000572
0.000051
-0.000002
0.000572
0.000037
-0.000003
0.000515
0.000037
-0.000003
0.000515
0.000025
-0.000004
0.000459
0.000025
-0.000004
0.000459
0.000014
-0.000005
0.000399
0.000014
-0.000005
0.000399
0.000005
-0.000006
0.000346
0.000005
-0.000006
0.000346
-0.000000
-0.000007
0.000308
-0.000000
-0.000007
0.000308
-0.000004
-0.000008
0.000266
-0.000004
-0.000008
0.000266
-0.000008
-0.000009
0.000231
-0.000008
-0.000009
0.000231
-0.000009
-0.000009
0.000179
-0.000009
-0.000009
0.000179
-0.000007
-0.000005
0.000087
-0.000007
-0.000005
0.000087
-0.000017
-0.000005
0.000097
-0.000017
-0.000005
0.000097
-0.000040
-0.000008
0.000219
-0.000040
-0.000008
0.000219
-0.000056
-0.000009
0.000295
-0.000056
-0.000009
0.000295
-0.000067
-0.000008
0.000339
-0.000067
-0.000008
0.000339
-0.000087
-0.000006
0.000423
-0.000087
-0.000006
0.000423
-0.000121
-0.000004
0.000552
-0.000121
-0.000004
0.000552
-0.000159
-0.000002
0.000690
-0.000159
-0.000002
0.000690
-0.000189
0.000001
0.000796
-0.000189
0.000001
0.000796
-0.000213
0.000006
0.000879
-0.000213
0.000006
0.000879
-0.000225
0.000010
0.000970
-0.000225
0.000010
0.000970
-0.000228
0.000007
0.001026
-0.000228
0.000007
0.001026
-0.000234
0.000000
0.001034
-0.000234
0.000000
0.001034
-0.000244
-0.000006
0.001063
-0.000244
-0.000006
0.001063
-0.000245
-0.000010
0.001116
-0.000245
-0.000010
0.001116
-0.000239
-0.000006
0.001142
-0.000239
-0.000006
0.001142
-0.000242
0.000001
0.001133
-0.000242
0.000001
0.001133
-0.000250
0.000009
0.001144
-0.000250
0.000009
0.001144
-0.000248
0.000013
0.001191
-0.000248
0.000013
0.001191
-0.000241
0.000009
0.001216
-0.000241
0.000009
0.001216
-0.000244
0.000000
0.001198
-0.000244
0.000000
0.001198
-0.000252
-0.000009
0.001202
-0.000252
-0.000009
0.001202
-0.000246
-0.000013
0.001240
-0.000246
-0.000013
0.001240
-0.000234
-0.000008
0.001251
-0.000234
-0.000008
0.001251
-0.000238
0.000002
0.001225
-0.000238
0.000002
0.001225
-0.000246
0.000012
0.001222
-0.000246
0.000012
0.001222
-0.000242
0.000017
0.001266
-0.000242
0.000017
0.001266
-0.000233
0.000013
0.001284
-0.000233
0.000013
0.001284
-0.000238
0.000002
0.001258
-0.000238
0.000002
0.001258
-0.000248
-0.000008
0.001259
-0.000248
-0.000008
0.001259
-0.000241
-0.000014
0.001296
-0.000241
-0.000014
0.001296
-0.000228
-0.000009
0.001305
-0.000228
-0.000009
0.001305
-0.000233
0.000001
0.001279
-0.000233
0.000001
0.001279
-0.000243
0.000011
0.001281
-0.000243
0.000011
0.001281
-0.000239
0.000017
0.001322
-0.000239
0.000017
0.001322
-0.000231
0.000013
0.001338
-0.000231
0.000013
0.001338
-0.000236
0.000003
0.001320
-0.000236
0.000003
0.001320
-0.000245
-0.000006
0.001329
-0.000245
-0.000006
0.001329
-0.000239
-0.000012
0.001362
-0.000239
-0.000012
0.001362
-0.000227
-0.000008
0.001370
-0.000227
-0.000008
0.001370
-0.000230
0.000001
0.001355
-0.000230
0.000001
0.001355
-0.000238
0.000008
0.001361
-0.000238
0.000008
0.001361
-0.000233
0.000013
0.001394
-0.000233
0.000013
0.001394
-0.000225
0.000010
0.001408
-0.000225
0.000010
0.001408
-0.000227
0.000003
0.001398
-0.000227
0.000003
0.001398
-0.000233
-0.000004
0.001406
-0.000233
-0.000004
0.001406
-0.000225
-0.000008
0.001430
-0.000225
-0.000008
0.001430
-0.000214
-0.000005
0.001437
-0.000214
-0.000005
0.001437
-0.000215
0.000001
0.001426
-0.000215
0.000001
0.001426
-0.000218
0.000006
0.001430
-0.000218
0.000006
0.001430
-0.000212
0.000009
0.001452
-0.000212
0.000009
0.001452
-0.000205
0.000007
0.001463
-0.000205
0.000007
0.001463
-0.000205
0.000002
0.001456
-0.000205
0.000002
0.001456
-0.000206
-0.000003
0.001458
-0.000206
-0.000003
0.001458
-0.000198
-0.000005
0.001473
-0.000198
-0.000005
0.001473
-0.000188
-0.000003
0.001477
-0.000188
-0.000003
0.001477
-0.000187
0.000001
0.001469
-0.000187
0.000001
0.001469
-0.000186
0.000004
0.001469
-0.000186
0.000004
0.001469
-0.000180
0.000006
0.001482
-0.000180
0.000006
0.001482
-0.000173
0.000005
0.001488
-0.000173
0.000005
0.001488
-0.000171
0.000002
0.001483
-0.000171
0.000002
0.001483
-0.000169
-0.000001
0.001484
-0.000169
-0.000001
0.001484
-0.000162
-0.000003
0.001492
-0.000162
-0.000003
0.001492
-0.000153
-0.000002
0.001494
-0.000153
-0.000002
0.001494
-0.000150
0.000001
0.001490
-0.000150
0.000001
0.001490
-0.000147
0.000002
0.001490
-0.000147
0.000002
0.001490
-0.000141
0.000004
0.001496
-0.000141
0.000004
0.001496
-0.000135
0.000003
0.001498
-0.000135
0.000003
0.001498
-0.000131
0.000002
0.001497
-0.000131
0.000002
0.001497
-0.000127
0.000001
0.001498
-0.000127
0.000001
0.001498
-0.000121
-0.000000
0.001502
-0.000121
-0.000000
0.001502
-0.000114
-0.000000
0.001501
-0.000114
-0.000000
0.001501
-0.000109
0.000000
0.001500
-0.000109
0.000000
0.001500
-0.000104
0.000001
0.001501
-0.000104
0.000001
0.001501
-0.000098
0.000001
0.001503
-0.000098
0.000001
0.001503
-0.000092
0.000001
0.001502
-0.000092
0.000001
0.001502
-0.000086
0.000000
0.001501
-0.000086
0.000000
0.001501
-0.000080
-0.000001
0.001501
-0.000080
-0.000001
0.001501
-0.000074
-0.000001
0.001502
-0.000074
-0.000001
0.001502
-0.000005
-0.000000
0.000000
-0.000005
-0.000000
0.000000
-0.000005
-0.000000
0.000000
-0.000005
-0.000000
0.000000
-0.000005
-0.000000
0.000000
-0.000005
-0.000000
0.000000
-0.000005
-0.000000
0.000000
-0.000005
-0.000000
0.000000
-0.000005
-0.000000
0.000000
-0.000005
-0.000000
0.000000
-0.000005
-0.000000
0.000000
-0.000005
-0.000000
0.000000
-0.000005
-0.000000
0.000000
-0.000005
-0.000000
0.000000
-0.000005
-0.000000
0.000000
-0.000005
-0.000000
0.000000
-0.000005
-0.000000
0.000000
-0.000005
-0.000000
0.000000
-0.000005
-0.000000
0.000000
-0.000005
-0.000000
0.000000
-0.000005
-0.000000
0.000000
-0.000005
-0.000000
0.000000
-0.000005
-0.000000
0.000000
-0.000005
-0.000000
0.000000
-0.000005
-0.000000
0.000000
-0.000005
-0.000000
0.000000
-0.000005
-0.000000
0.000000
-0.000005
-0.000000
0.000000
-0.000005
-0.000000
0.000000
-0.000005
-0.000000
0.000000
-0.000004
-0.000000
0.000000
-0.000004
-0.000000
0.000000
-0.000004
-0.000000
0.000000
-0.000004
-0.000000
0.000000
-0.000004
-0.000000
0.000000
-0.000004
-0.000000
0.000000
-0.000004
-0.000000
0.000000
-0.000004
-0.000000
0.000000
-0.000004
-0.000000
0.000000
-0.000004
-0.000000
0.000000
-0.000004
-0.000000
0.000000
-0.000004
-0.000000
0.000000
-0.000005
-0.000000
0.000000
-0.000005
-0.000000
0.000000
-0.000006
-0.000000
0.000000
-0.000006
-0.000000
0.000000
-0.000006
-0.000000
0.000000
-0.000006
-0.000000
0.000000
-0.000007
-0.000000
0.000000
-0.000007
-0.000000
0.000000
-0.000006
-0.000000
0.000000
-0.000006
-0.000000
0.000000
-0.000014
-0.000000
0.000001
-0.000014
-0.000000
0.000001
-0.000006
-0.000000
0.000000
-0.000006
-0.000000
0.000000
0.000058
0.000000
-0.000002
0.000058
0.000000
-0.000002
0.000052
0.000000
-0.000005
0.000052
0.000000
-0.000005
-0.001127
0.000011
0.003540
-0.001127
0.000011
0.003540
-0.001230
0.000008
0.004043
-0.001230
0.000008
0.004043
-0.001152
0.000000
0.004040
-0.001152
0.000000
0.004040
-0.001068
-0.000008
0.004006
-0.001068
-0.000008
0.004006
-0.001000
-0.000011
0.003935
-0.001000
-0.000011
0.003935
-0.000941
-0.000005
0.003893
-0.000941
-0.000005
0.003893
-0.000868
0.000005
0.003878
-0.000868
0.000005
0.003878
-0.000786
0.000015
0.003818
-0.000786
0.000015
0.003818
-0.000723
0.000020
0.003731
-0.000723
0.000020
0.003731
-0.000668
0.000014
0.003667
-0.000668
0.000014
0.003667
-0.000593
0.000004
0.003607
-0.000593
0.000004
0.003607
-0.000514
-0.000007
0.003499
-0.000514
-0.000007
0.003499
-0.000454
-0.000012
0.003343
-0.000454
-0.000012
0.003343
-0.000402
-0.000008
0.003207
-0.000402
-0.000008
0.003207
-0.000335
-0.000000
0.003089
-0.000335
-0.000000
0.003089
-0.000268
0.000006
0.002918
-0.000268
0.000006
0.002918
-0.000222
0.000005
0.002707
-0.000222
0.000005
0.002707
-0.000186
-0.000004
0.002508
-0.000186
-0.000004
0.002508
-0.000142
-0.000019
0.002331
-0.000142
-0.000019
0.002331
-0.000106
-0.000033
0.002091
-0.000106
-0.000033
0.002091
-0.000138
-0.000029
0.001775
-0.000138
-0.000029
0.001775
-0.000182
0.000003
0.001610
-0.000182
0.000003
0.001610
-0.000174
0.000049
0.001620
-0.000174
0.000049
0.001620
-0.000156
0.000090
0.001519
-0.000156
0.000090
0.001519
-0.000209
0.000100
0.001283
-0.000209
0.000100
0.001283
-0.000295
0.000082
0.001259
-0.000295
0.000082
0.001259
-0.000338
0.000060
0.001455
-0.000338
0.000060
0.001455
-0.000366
0.000034
0.001557
-0.000366
0.000034
0.001557
-0.000402
0.000013
0.001569
-0.000402
0.000013
0.001569
-0.000457
0.000007
0.001667
-0.000457
0.000007
0.001667
-0.000500
0.000008
0.001843
-0.000500
0.000008
0.001843
-0.000531
0.000009
0.001989
-0.000531
0.000009
0.001989
-0.000551
0.000009
0.002102
-0.000551
0.000009
0.002102
-0.000566
0.000006
0.002205
-0.000566
0.000006
0.002205
-0.000573
0.000002
0.002293
-0.000573
0.000002
0.002293
-0.000573
-0.000003
0.002361
-0.000573
-0.000003
0.002361
-0.000581
-0.000007
0.002397
-0.000581
-0.000007
0.002397
-0.000593
-0.000004
0.002453
-0.000593
-0.000004
0.002453
-0.000596
0.000002
0.002538
-0.000596
0.000002
0.002538
-0.000592
0.000007
0.002599
-0.000592
0.000007
0.002599
-0.000595
0.000010
0.002642
-0.000595
0.000010
0.002642
-0.000599
0.000008
0.002698
-0.000599
0.000008
0.002698
-0.000594
0.000003
0.002757
-0.000594
0.000003
0.002757
-0.000585
-0.000002
0.002797
-0.000585
-0.000002
0.002797
-0.000583
-0.000006
0.002815
-0.000583
-0.000006
0.002815
-0.000586
-0.000004
0.002852
-0.000586
-0.000004
0.002852
-0.000580
0.000000
0.002910
-0.000580
0.000000
0.002910
-0.000571
0.000004
0.002952
-0.000571
0.000004
0.002952
-0.000566
0.000006
0.002989
-0.000566
0.000006
0.002989
-0.000562
0.000005
0.003032
-0.000562
0.000005
0.003032
-0.000552
0.000003
0.003070
-0.000552
0.000003
0.003070
-0.000540
0.000000
0.003099
-0.000540
0.000000
0.003099
-0.000532
-0.000001
0.003122
-0.000532
-0.000001
0.003122
-0.000526
-0.000001
0.003152
-0.000526
-0.000001
0.003152
-0.000516
-0.000000
0.003188
-0.000516
-0.000000
0.003188
-0.000504
-0.000000
0.003219
-0.000504
-0.000000
0.003219
-0.000492
0.000000
0.003258
-0.000492
0.000000
0.003258
-0.000479
0.000001
0.003293
-0.000479
0.000001
0.003293
-0.000466
0.000003
0.003311
-0.000466
0.000003
0.003311
-0.000454
0.000004
0.003331
-0.000454
0.000004
0.003331
-0.000439
0.000004
0.003359
-0.000439
0.000004
0.003359
-0.000423
0.000002
0.003384
-0.000423
0.000002
0.003384
-0.000411
-0.000001
0.003399
-0.000411
-0.000001
0.003399
-0.000399
-0.000004
0.003421
-0.000399
-0.000004
0.003421
-0.000380
-0.000006
0.003460
-0.000380
-0.000006
0.003460
-0.000359
-0.000004
0.003488
-0.000359
-0.000004
0.003488
-0.000345
0.000001
0.003492
-0.000345
0.000001
0.003492
-0.000332
0.000006
0.003510
-0.000332
0.000006
0.003510
-0.000302
0.000006
0.003550
-0.000302
0.000006
0.003550
-0.000269
-0.000003
0.003563
-0.000269
-0.000003
0.003563
-0.000253
-0.000018
0.003540
-0.000253
-0.000018
0.003540
-0.000238
-0.000035
0.003543
-0.000238
-0.000035
0.003543
-0.000188
-0.000046
0.003573
-0.000188
-0.000046
0.003573
-0.000138
-0.000041
0.003546
-0.000138
-0.000041
0.003546
-0.000123
-0.000031
0.003461
-0.000123
-0.000031
0.003461
-0.001008
0.000008
0.003040
-0.001008
0.000008
0.003040
-0.001057
0.000005
0.003047
-0.001057
0.000005
0.003047
-0.001104
0.000003
0.003046
-0.001104
0.000003
0.003046
-0.001149
0.000000
0.003033
-0.001149
0.000000
0.003033
-0.001191
-0.000001
0.003027
-0.001191
-0.000001
0.003027
-0.001237
-0.000001
0.003025
-0.001237
-0.000001
0.003025
-0.001287
0.000000
0.003014
-0.001287
0.000000
0.003014
-0.001337
0.000001
0.002996
-0.001337
0.000001
0.002996
-0.001386
0.000002
0.002973
-0.001386
0.000002
0.002973
-0.001429
0.000002
0.002935
-0.001429
0.000002
0.002935
-0.001474
0.000002
0.002893
-0.001474
0.000002
0.002893
-0.001525
0.000002
0.002856
-0.001525
0.000002
0.002856
-0.001576
0.000002
0.002810
-0.001576
0.000002
0.002810
-0.001626
0.000002
0.002756
-0.001626
0.000002
0.002756
-0.001676
0.000003
0.002694
-0.001676
0.000003
0.002694
-0.001724
0.000003
0.002619
-0.001724
0.000003
0.002619
-0.001769
0.000003
0.002531
-0.001769
0.000003
0.002531
-0.001808
0.000003
0.002427
-0.001808
0.000003
0.002427
-0.001841
0.000003
0.002305
-0.001841
0.000003
0.002305
-0.001848
0.000003
0.002144
-0.001848
0.000003
0.002144
-0.001834
0.000003
0.001954
-0.001834
0.000003
0.001954
-0.001804
0.000003
0.001750
-0.001804
0.000003
0.001750
-0.001733
0.000003
0.001510
-0.001733
0.000003
0.001510
-0.001604
0.000003
0.001235
-0.001604
0.000003
0.001235
-0.001391
0.000003
0.000926
-0.001391
0.000003
0.000926
-0.001076
0.000002
0.000601
-0.001076
0.000002
0.000601
-0.000618
0.000001
0.000283
-0.000618
0.000001
0.000283
-0.000009
0.000000
0.000024
-0.000009
0.000000
0.000024
0.000012
-0.000000
-0.000003
0.000012
-0.000000
-0.000003
0.000013
0.000000
-0.000001
0.000013
0.000000
-0.000001
-0.000005
-0.000000
0.000000
-0.000005
-0.000000
0.000000
-0.000007
-0.000000
0.000000
-0.000007
-0.000000
0.000000
-0.000004
-0.000000
0.000000
-0.000004
-0.000000
0.000000
-0.000005
-0.000000
0.000000
-0.000005
-0.000000
0.000000
-0.000004
-0.000000
0.000000
-0.000004
-0.000000
0.000000
-0.000004
-0.000000
0.000000
-0.000004
-0.000000
0.000000
-0.000004
-0.000000
0.000000
-0.000004
-0.000000
0.000000
-0.000003
-0.000000
0.000000
-0.000003
-0.000000
0.000000
-0.000003
-0.000000
0.000000
-0.000003
-0.000000
0.000000
-0.000003
-0.000000
0.000000
-0.000003
-0.000000
0.000000
-0.000003
-0.000000
0.000000
-0.000003
-0.000000
0.000000
-0.000003
-0.000000
0.000000
-0.000003
-0.000000
0.000000
-0.000003
-0.000000
0.000000
-0.000003
-0.000000
0.000000
-0.000003
-0.000000
0.000000
-0.000003
-0.000000
0.000000
-0.000003
-0.000000
0.000000
-0.000003
-0.000000
0.000000
-0.000003
-0.000000
0.000000
-0.000003
-0.000000
0.000000
-0.000004
-0.000000
0.000000
-0.000004
-0.000000
0.000000
-0.000004
-0.000000
0.000000
-0.000004
-0.000000
0.000000
-0.000004
-0.000000
0.000000
-0.000004
-0.000000
0.000000
-0.000004
-0.000000
0.000000
-0.000004
-0.000000
0.000000
-0.000004
-0.000000
0.000000
-0.000004
-0.000000
0.000000
-0.000005
-0.000000
0.000000
-0.000005
-0.000000
0.000000
-0.000005
-0.000000
0.000000
-0.000005
-0.000000
0.000000
-0.000005
-0.000000
0.000000
-0.000005
-0.000000
0.000000
-0.000005
-0.000000
0.000000
-0.000005
-0.000000
0.000000
-0.000005
-0.000000
0.000000
-0.000005
-0.000000
0.000000
-0.000005
-0.000000
0.000000
-0.000005
-0.000000
0.000000
-0.000074
-0.000003
0.001651
-0.000074
-0.000003
0.001651
-0.000078
-0.000005
0.001977
-0.000078
-0.000005
0.001977
-0.000089
-0.000007
0.002345
-0.000089
-0.000007
0.002345
-0.000089
-0.000003
0.002543
-0.000089
-0.000003
0.002543
-0.000069
0.000005
0.002550
-0.000069
0.000005
0.002550
-0.000056
0.000009
0.002542
-0.000056
0.000009
0.002542
-0.000043
0.000005
0.002542
-0.000043
0.000005
0.002542
-0.000018
-0.000004
0.002547
-0.000018
-0.000004
0.002547
-0.000009
-0.000008
0.002523
-0.000009
-0.000008
0.002523
0.000002
-0.000001
0.002514
0.000002
-0.000001
0.002514
0.000029
0.000011
0.002522
0.000029
0.000011
0.002522
0.000040
0.000017
0.002501
0.000040
0.000017
0.002501
0.000052
0.000009
0.002494
0.000052
0.000009
0.002494
0.000082
-0.000006
0.002500
0.000082
-0.000006
0.002500
0.000087
-0.000013
0.002464
0.000087
-0.000013
0.002464
0.000093
-0.000004
0.002450
0.000093
-0.000004
0.002450
0.000126
0.000014
0.002465
0.000126
0.000014
0.002465
0.000133
0.000022
0.002437
0.000133
0.000022
0.002437
0.000141
0.000012
0.002428
0.000141
0.000012
0.002428
0.000176
-0.000008
0.002437
0.000176
-0.000008
0.002437
0.000175
-0.000017
0.002387
0.000175
-0.000017
0.002387
0.000177
-0.000006
0.002364
0.000177
-0.000006
0.002364
0.000213
0.000016
0.002380
0.000213
0.000016
0.002380
0.000215
0.000026
0.002338
0.000215
0.000026
0.002338
0.000220
0.000014
0.002322
0.000220
0.000014
0.002322
0.000257
-0.000009
0.002328
0.000257
-0.000009
0.002328
0.000249
-0.000020
0.002256
0.000249
-0.000020
0.002256
0.000246
-0.000007
0.002225
0.000246
-0.000007
0.002225
0.000285
0.000018
0.002245
0.000285
0.000018
0.002245
0.000280
0.000030
0.002184
0.000280
0.000030
0.002184
0.000279
0.000016
0.002149
0.000279
0.000016
0.002149
0.000316
-0.000010
0.002153
0.000316
-0.000010
0.002153
0.000301
-0.000022
0.002067
0.000301
-0.000022
0.002067
0.000290
-0.000007
0.002022
0.000290
-0.000007
0.002022
0.000329
0.000020
0.002033
0.000329
0.000020
0.002033
0.000314
0.000032
0.001943
0.000314
0.000032
0.001943
0.000305
0.000017
0.001897
0.000305
0.000017
0.001897
0.000341
-0.000012
0.001894
0.000341
-0.000012
0.001894
0.000310
-0.000024
0.001760
0.000310
-0.000024
0.001760
0.000290
-0.000007
0.001694
0.000290
-0.000007
0.001694
0.000327
0.000022
0.001709
0.000327
0.000022
0.001709
0.000296
0.000034
0.001566
0.000296
0.000034
0.001566
0.000273
0.000017
0.001478
0.000273
0.000017
0.001478
0.000302
-0.000012
0.001461
0.000302
-0.000012
0.001461
0.000250
-0.000023
0.001253
0.000250
-0.000023
0.001253
0.000215
-0.000005
0.001142
0.000215
-0.000005
0.001142
0.000242
0.000022
0.001140
0.000242
0.000022
0.001140
0.000185
0.000028
0.000878
0.000185
0.000028
0.000878
0.000140
0.000012
0.000704
0.000140
0.000012
0.000704
0.000135
-0.000004
0.000610
0.000135
-0.000004
0.000610
0.000041
-0.000005
0.000128
0.000041
-0.000005
0.000128
-0.000011
0.000003
-0.000082
-0.000011
0.000003
-0.000082
-0.000019
-0.000013
-0.000098
-0.000019
-0.000013
-0.000098
-0.000037
-0.000081
-0.000678
-0.000037
-0.000081
-0.000678
-0.000021
-0.000086
-0.000797
-0.000021
-0.000086
-0.000797
-0.000009
-0.000021
-0.000269
-0.000009
-0.000021
-0.000269
-0.000002
-0.000005
-0.000104
-0.000002
-0.000005
-0.000104
-0.000002
-0.000005
-0.000118
-0.000002
-0.000005
-0.000118
-0.000001
-0.000002
-0.000051
-0.000001
-0.000002
-0.000051
-0.000000
-0.000001
-0.000023
-0.000000
-0.000001
-0.000023
-0.000000
-0.000001
-0.000014
-0.000000
-0.000001
-0.000014
-0.000000
-0.000000
-0.000006
-0.000000
-0.000000
-0.000006
-0.000000
-0.000000
-0.000003
-0.000000
-0.000000
-0.000003
-0.000000
-0.000000
-0.000000
-0.000000
-0.000000
-0.000000
0.000000
0.000000
0.000001
0.000000
0.000000
0.000001
-0.000000
0.000000
0.000002
-0.000000
0.000000
0.000002
-0.000000
0.000000
0.000002
-0.000000
0.000000
0.000002
-0.000000
0.000000
0.000002
-0.000000
0.000000
0.000002
-0.000000
0.000000
0.000001
-0.000000
0.000000
0.000001
-0.000000
0.000000
0.000004
-0.000000
0.000000
0.000004
-0.000000
0.000000
0.000000
-0.000000
0.000000
0.000000
-0.000000
0.000001
0.000013
-0.000000
0.000001
0.000013
-0.000000
0.000001
0.000013
-0.000000
0.000001
0.000013
-0.000124
-0.000026
0.003743
-0.000124
-0.000026
0.003743
-0.000140
-0.000026
0.004458
-0.000140
-0.000026
0.004458
-0.000159
-0.000028
0.005309
-0.000159
-0.000028
0.005309
-0.000167
-0.000036
0.005947
-0.000167
-0.000036
0.005947
-0.000119
-0.000034
0.006150
-0.000119
-0.000034
0.006150
-0.000063
-0.000004
0.006181
-0.000063
-0.000004
0.006181
0.000004
0.000019
0.006185
0.000004
0.000019
0.006185
0.000072
-0.000001
0.006174
0.000072
-0.000001
0.006174
0.000141
-0.000021
0.006135
0.000141
-0.000021
0.006135
0.000207
0.000003
0.006081
0.000207
0.000003
0.006081
0.000268
0.000025
0.006015
0.000268
0.000025
0.006015
0.000326
0.000000
0.005950
0.000326
0.000000
0.005950
0.000390
-0.000022
0.005875
0.000390
-0.000022
0.005875
0.000449
0.000003
0.005779
0.000449
0.000003
0.005779
0.000499
0.000028
0.005670
0.000499
0.000028
0.005670
0.000547
0.000001
0.005564
0.000547
0.000001
0.005564
0.000598
-0.000023
0.005452
0.000598
-0.000023
0.005452
0.000644
0.000003
0.005322
0.000644
0.000003
0.005322
0.000679
0.000029
0.005184
0.000679
0.000029
0.005184
0.000711
0.000002
0.005049
0.000711
0.000002
0.005049
0.000745
-0.000023
0.004909
0.000745
-0.000023
0.004909
0.000774
0.000003
0.004755
0.000774
0.000003
0.004755
0.000790
0.000028
0.004595
0.000790
0.000028
0.004595
0.000805
0.000003
0.004440
0.000805
0.000003
0.004440
0.000820
-0.000021
0.004284
0.000820
-0.000021
0.004284
0.000831
0.000003
0.004118
0.000831
0.000003
0.004118
0.000829
0.000026
0.003948
0.000829
0.000026
0.003948
0.000827
0.000003
0.003784
0.000827
0.000003
0.003784
0.000825
-0.000019
0.003623
0.000825
-0.000019
0.003623
0.000820
0.000003
0.003456
0.000820
0.000003
0.003456
0.000803
0.000024
0.003286
0.000803
0.000024
0.003286
0.000785
0.000003
0.003122
0.000785
0.000003
0.003122
0.000771
-0.000017
0.002967
0.000771
-0.000017
0.002967
0.000753
0.000003
0.002807
0.000753
0.000003
0.002807
0.000724
0.000021
0.002642
0.000724
0.000021
0.002642
0.000696
0.000003
0.002486
0.000696
0.000003
0.002486
0.000674
-0.000014
0.002344
0.000674
-0.000014
0.002344
0.000648
0.000003
0.002198
0.000648
0.000003
0.002198
0.000612
0.000018
0.002046
0.000612
0.000018
0.002046
0.000579
0.000002
0.001903
0.000579
0.000002
0.001903
0.000552
-0.000012
0.001777
0.000552
-0.000012
0.001777
0.000523
0.000003
0.001648
0.000523
0.000003
0.001648
0.000484
0.000016
0.001511
0.000484
0.000016
0.001511
0.000448
0.000002
0.001383
0.000448
0.000002
0.001383
0.000420
-0.000010
0.001275
0.000420
-0.000010
0.001275
0.000391
0.000003
0.001165
0.000391
0.000003
0.001165
0.000351
0.000014
0.001042
0.000351
0.000014
0.001042
0.000316
0.000002
0.000931
0.000316
0.000002
0.000931
0.000292
-0.000008
0.000842
0.000292
-0.000008
0.000842
0.000265
0.000004
0.000748
0.000265
0.000004
0.000748
0.000224
0.000012
0.000635
0.000224
0.000012
0.000635
0.000189
0.000002
0.000535
0.000189
0.000002
0.000535
0.000179
-0.000003
0.000480
0.000179
-0.000003
0.000480
0.000160
0.000009
0.000403
0.000160
0.000009
0.000403
0.000114
0.000019
0.000302
0.000114
0.000019
0.000302
0.000077
0.000015
0.000205
0.000077
0.000015
0.000205
0.000037
0.000008
0.000111
0.000037
0.000008
0.000111
0.000015
0.000004
0.000051
0.000015
0.000004
0.000051
0.000005
0.000002
0.000023
0.000005
0.000002
0.000023
0.000003
0.000001
0.000012
0.000003
0.000001
0.000012
0.000001
0.000000
0.000003
0.000001
0.000000
0.000003
-0.000001
-0.000000
-0.000004
-0.000001
-0.000000
-0.000004
-0.000001
-0.000000
-0.000007
-0.000001
-0.000000
-0.000007
-0.000002
-0.000000
-0.000009
-0.000002
-0.000000
-0.000009
-0.000002
-0.000000
-0.000009
-0.000002
-0.000000
-0.000009
-0.000002
-0.000000
-0.000009
-0.000002
-0.000000
-0.000009
-0.000001
-0.000000
-0.000009
-0.000001
-0.000000
-0.000009
-0.000001
-0.000000
-0.000008
-0.000001
-0.000000
-0.000008
-0.000001
-0.000000
-0.000007
-0.000001
-0.000000
-0.000007
-0.000001
-0.000000
-0.000007
-0.000001
-0.000000
-0.000007
-0.000001
-0.000000
-0.000005
-0.000001
-0.000000
-0.000005
-0.000001
-0.000000
-0.000007
-0.000001
-0.000000
-0.000007
-0.000001
-0.000000
-0.000009
-0.000001
-0.000000
-0.000009
