0.000629
-0.000001
-0.000094
0.000629
-0.000001
-0.000094
0.001099
-0.000002
-0.000036
0.001099
-0.000002
-0.000036
0.001555
-0.000002
0.000226
0.001555
-0.000002
0.000226
0.001713
-0.000004
0.000864
0.001713
-0.000004
0.000864
0.001393
-0.000008
0.001434
0.001393
-0.000008
0.001434
0.000941
-0.000011
0.001521
0.000941
-0.000011
0.001521
0.000630
-0.000014
0.001410
0.000630
-0.000014
0.001410
0.000462
-0.000015
0.001294
0.000462
-0.000015
0.001294
0.000357
-0.000011
0.001183
0.000357
-0.000011
0.001183
0.000269
-0.000006
0.001071
0.000269
-0.000006
0.001071
0.000206
-0.000003
0.000977
0.000206
-0.000003
0.000977
0.000160
0.000000
0.000899
0.000160
0.000000
0.000899
0.000125
0.000003
0.000828
0.000125
0.000003
0.000828
0.000107
0.000004
0.000778
0.000107
0.000004
0.000778
0.000091
0.000002
0.000719
0.000091
0.000002
0.000719
0.000069
0.000000
0.000641
0.000069
0.000000
0.000641
0.000051
-0.000001
0.000573
0.000051
-0.000001
0.000573
0.000037
-0.000003
0.000517
0.000037
-0.000003
0.000517
0.000026
-0.000004
0.000460
0.000026
-0.000004
0.000460
0.000015
-0.000005
0.000400
0.000015
-0.000005
0.000400
0.000006
-0.000006
0.000348
0.000006
-0.000006
0.000348
0.000000
-0.000007
0.000308
0.000000
-0.000007
0.000308
-0.000004
-0.000008
0.000263
-0.000004
-0.000008
0.000263
-0.000008
-0.000009
0.000226
-0.000008
-0.000009
0.000226
-0.000009
-0.000008
0.000177
-0.000009
-0.000008
0.000177
-0.000007
-0.000005
0.000086
-0.000007
-0.000005
0.000086
-0.000015
-0.000004
0.000090
-0.000015
-0.000004
0.000090
-0.000036
-0.000008
0.000204
-0.000036
-0.000008
0.000204
-0.000052
-0.000008
0.000278
-0.000052
-0.000008
0.000278
-0.000062
-0.000007
0.000319
-0.000062
-0.000007
0.000319
-0.000080
-0.000006
0.000396
-0.000080
-0.000006
0.000396
-0.000111
-0.000004
0.000518
-0.000111
-0.000004
0.000518
-0.000146
-0.000002
0.000653
-0.000146
-0.000002
0.000653
-0.000174
0.000001
0.000755
-0.000174
0.000001
0.000755
-0.000197
0.000006
0.000834
-0.000197
0.000006
0.000834
-0.000209
0.000009
0.000925
-0.000209
0.000009
0.000925
-0.000212
0.000007
0.000983
-0.000212
0.000007
0.000983
-0.000218
0.000000
0.000994
-0.000218
0.000000
0.000994
-0.000229
-0.000006
0.001027
-0.000229
-0.000006
0.001027
-0.000229
-0.000010
0.001085
-0.000229
-0.000010
0.001085
-0.000224
-0.000006
0.001111
-0.000224
-0.000006
0.001111
-0.000228
0.000001
0.001108
-0.000228
0.000001
0.001108
-0.000237
0.000009
0.001131
-0.000237
0.000009
0.001131
-0.000236
0.000013
0.001186
-0.000236
0.000013
0.001186
-0.000229
0.000009
0.001210
-0.000229
0.000009
0.001210
-0.000233
0.000000
0.001199
-0.000233
0.000000
0.001199
-0.000244
-0.000009
0.001219
-0.000244
-0.000009
0.001219
-0.000238
-0.000014
0.001266
-0.000238
-0.000014
0.001266
-0.000226
-0.000009
0.001279
-0.000226
-0.000009
0.001279
-0.000231
0.000002
0.001260
-0.000231
0.000002
0.001260
-0.000243
0.000012
0.001272
-0.000243
0.000012
0.001272
-0.000238
0.000018
0.001324
-0.000238
0.000018
0.001324
-0.000229
0.000013
0.001345
-0.000229
0.000013
0.001345
-0.000235
0.000002
0.001325
-0.000235
0.000002
0.001325
-0.000248
-0.000009
0.001337
-0.000248
-0.000009
0.001337
-0.000240
-0.000015
0.001382
-0.000240
-0.000015
0.001382
-0.000227
-0.000010
0.001395
-0.000227
-0.000010
0.001395
-0.000233
0.000001
0.001372
-0.000233
0.000001
0.001372
-0.000244
0.000012
0.001377
-0.000244
0.000012
0.001377
-0.000240
0.000018
0.001424
-0.000240
0.000018
0.001424
-0.000231
0.000013
0.001449
-0.000231
0.000013
0.001449
-0.000237
0.000004
0.001433
-0.000237
0.000004
0.001433
-0.000247
-0.000007
0.001439
-0.000247
-0.000007
0.001439
-0.000239
-0.000012
0.001476
-0.000239
-0.000012
0.001476
-0.000227
-0.000008
0.001492
-0.000227
-0.000008
0.001492
-0.000231
0.000001
0.001476
-0.000231
0.000001
0.001476
-0.000237
0.000009
0.001477
-0.000237
0.000009
0.001477
-0.000232
0.000014
0.001512
-0.000232
0.000014
0.001512
-0.000223
0.000010
0.001534
-0.000223
0.000010
0.001534
-0.000226
0.000003
0.001524
-0.000226
0.000003
0.001524
-0.000231
-0.000004
0.001528
-0.000231
-0.000004
0.001528
-0.000222
-0.000009
0.001553
-0.000222
-0.000009
0.001553
-0.000211
-0.000006
0.001565
-0.000211
-0.000006
0.001565
-0.000212
0.000001
0.001556
-0.000212
0.000001
0.001556
-0.000215
0.000007
0.001559
-0.000215
0.000007
0.001559
-0.000209
0.000010
0.001583
-0.000209
0.000010
0.001583
-0.000201
0.000008
0.001598
-0.000201
0.000008
0.001598
-0.000201
0.000003
0.001594
-0.000201
0.000003
0.001594
-0.000203
-0.000002
0.001601
-0.000203
-0.000002
0.001601
-0.000194
-0.000005
0.001619
-0.000194
-0.000005
0.001619
-0.000184
-0.000004
0.001625
-0.000184
-0.000004
0.001625
-0.000183
0.000001
0.001621
-0.000183
0.000001
0.001621
-0.000183
0.000004
0.001627
-0.000183
0.000004
0.001627
-0.000177
0.000007
0.001643
-0.000177
0.000007
0.001643
-0.000170
0.000005
0.001651
-0.000170
0.000005
0.001651
-0.000168
0.000002
0.001651
-0.000168
0.000002
0.001651
-0.000166
-0.000001
0.001658
-0.000166
-0.000001
0.001658
-0.000159
-0.000002
0.001668
-0.000159
-0.000002
0.001668
-0.000150
-0.000001
0.001672
-0.000150
-0.000001
0.001672
-0.000147
0.000001
0.001672
-0.000147
0.000001
0.001672
-0.000144
0.000002
0.001676
-0.000144
0.000002
0.001676
-0.000139
0.000003
0.001683
-0.000139
0.000003
0.001683
-0.000133
0.000003
0.001687
-0.000133
0.000003
0.001687
-0.000128
0.000002
0.001689
-0.000128
0.000002
0.001689
-0.000124
0.000001
0.001692
-0.000124
0.000001
0.001692
-0.000118
0.000001
0.001696
-0.000118
0.000001
0.001696
-0.000111
0.000001
0.001697
-0.000111
0.000001
0.001697
-0.000106
0.000001
0.001697
-0.000106
0.000001
0.001697
-0.000100
0.000000
0.001696
-0.000100
0.000000
0.001696
-0.000095
0.000000
0.001696
-0.000095
0.000000
0.001696
-0.000090
0.000000
0.001695
-0.000090
0.000000
0.001695
-0.000083
0.000001
0.001695
-0.000083
0.000001
0.001695
-0.000077
0.000001
0.001692
-0.000077
0.000001
0.001692
-0.000071
0.000000
0.001687
-0.000071
0.000000
0.001687
-0.000009
-0.000000
0.000000
-0.000009
-0.000000
0.000000
-0.000008
-0.000000
0.000000
-0.000008
-0.000000
0.000000
-0.000008
-0.000000
0.000000
-0.000008
-0.000000
0.000000
-0.000008
-0.000000
0.000000
-0.000008
-0.000000
0.000000
-0.000008
-0.000000
0.000000
-0.000008
-0.000000
0.000000
-0.000008
-0.000000
0.000000
-0.000008
-0.000000
0.000000
-0.000008
-0.000000
0.000000
-0.000008
-0.000000
0.000000
-0.000008
-0.000000
0.000000
-0.000008
-0.000000
0.000000
-0.000008
-0.000000
0.000000
-0.000008
-0.000000
0.000000
-0.000008
-0.000000
0.000000
-0.000008
-0.000000
0.000000
-0.000008
-0.000000
0.000000
-0.000008
-0.000000
0.000000
-0.000008
-0.000000
0.000000
-0.000008
-0.000000
0.000000
-0.000008
-0.000000
0.000000
-0.000008
-0.000000
0.000000
-0.000007
-0.000000
0.000000
-0.000007
-0.000000
0.000000
-0.000007
-0.000000
0.000000
-0.000007
-0.000000
0.000000
-0.000007
-0.000000
0.000000
-0.000007
-0.000000
0.000000
-0.000007
-0.000000
0.000000
-0.000007
-0.000000
0.000000
-0.000007
-0.000000
0.000000
-0.000007
-0.000000
0.000000
-0.000007
-0.000000
0.000000
-0.000007
-0.000000
0.000000
-0.000007
-0.000000
0.000000
-0.000007
-0.000000
0.000000
-0.000007
-0.000000
0.000000
-0.000007
-0.000000
0.000000
-0.000007
-0.000000
0.000000
-0.000007
-0.000000
0.000000
-0.000008
-0.000000
0.000000
-0.000008
-0.000000
0.000000
-0.000008
-0.000000
0.000000
-0.000008
-0.000000
0.000000
-0.000010
-0.000000
0.000000
-0.000010
-0.000000
0.000000
-0.000009
-0.000000
0.000000
-0.000009
-0.000000
0.000000
-0.000016
-0.000000
0.000001
-0.000016
-0.000000
0.000001
-0.000009
-0.000000
0.000000
-0.000009
-0.000000
0.000000
0.000051
0.000000
-0.000002
0.000051
0.000000
-0.000002
0.000047
0.000000
-0.000004
0.000047
0.000000
-0.000004
-0.001117
0.000011
0.003523
-0.001117
0.000011
0.003523
-0.001220
0.000008
0.004023
-0.001220
0.000008
0.004023
-0.001143
0.000000
0.004023
-0.001143
0.000000
0.004023
-0.001059
-0.000008
0.003992
-0.001059
-0.000008
0.003992
-0.000992
-0.000012
0.003920
-0.000992
-0.000012
0.003920
-0.000933
-0.000006
0.003877
-0.000933
-0.000006
0.003877
-0.000860
0.000005
0.003864
-0.000860
0.000005
0.003864
-0.000779
0.000016
0.003807
-0.000779
0.000016
0.003807
-0.000716
0.000021
0.003717
-0.000716
0.000021
0.003717
-0.000661
0.000015
0.003651
-0.000661
0.000015
0.003651
-0.000586
0.000004
0.003594
-0.000586
0.000004
0.003594
-0.000507
-0.000007
0.003488
-0.000507
-0.000007
0.003488
-0.000448
-0.000013
0.003330
-0.000448
-0.000013
0.003330
-0.000397
-0.000008
0.003194
-0.000397
-0.000008
0.003194
-0.000330
-0.000000
0.003078
-0.000330
-0.000000
0.003078
-0.000263
0.000006
0.002907
-0.000263
0.000006
0.002907
-0.000217
0.000006
0.002691
-0.000217
0.000006
0.002691
-0.000181
-0.000004
0.002488
-0.000181
-0.000004
0.002488
-0.000137
-0.000018
0.002305
-0.000137
-0.000018
0.002305
-0.000100
-0.000032
0.002053
-0.000100
-0.000032
0.002053
-0.000129
-0.000029
0.001724
-0.000129
-0.000029
0.001724
-0.000171
0.000003
0.001552
-0.000171
0.000003
0.001552
-0.000162
0.000046
0.001559
-0.000162
0.000046
0.001559
-0.000144
0.000084
0.001445
-0.000144
0.000084
0.001445
-0.000188
0.000092
0.001194
-0.000188
0.000092
0.001194
-0.000268
0.000076
0.001173
-0.000268
0.000076
0.001173
-0.000312
0.000057
0.001380
-0.000312
0.000057
0.001380
-0.000339
0.000033
0.001482
-0.000339
0.000033
0.001482
-0.000373
0.000012
0.001496
-0.000373
0.000012
0.001496
-0.000427
0.000007
0.001603
-0.000427
0.000007
0.001603
-0.000470
0.000008
0.001783
-0.000470
0.000008
0.001783
-0.000499
0.000009
0.001927
-0.000499
0.000009
0.001927
-0.000519
0.000008
0.002044
-0.000519
0.000008
0.002044
-0.000534
0.000006
0.002154
-0.000534
0.000006
0.002154
-0.000540
0.000002
0.002241
-0.000540
0.000002
0.002241
-0.000539
-0.000003
0.002304
-0.000539
-0.000003
0.002304
-0.000546
-0.000006
0.002344
-0.000546
-0.000006
0.002344
-0.000558
-0.000003
0.002407
-0.000558
-0.000003
0.002407
-0.000561
0.000002
0.002493
-0.000561
0.000002
0.002493
-0.000557
0.000007
0.002552
-0.000557
0.000007
0.002552
-0.000558
0.000009
0.002599
-0.000558
0.000009
0.002599
-0.000563
0.000007
0.002659
-0.000563
0.000007
0.002659
-0.000558
0.000003
0.002719
-0.000558
0.000003
0.002719
-0.000548
-0.000002
0.002759
-0.000548
-0.000002
0.002759
-0.000547
-0.000005
0.002781
-0.000547
-0.000005
0.002781
-0.000549
-0.000003
0.002821
-0.000549
-0.000003
0.002821
-0.000543
0.000000
0.002879
-0.000543
0.000000
0.002879
-0.000534
0.000003
0.002923
-0.000534
0.000003
0.002923
-0.000528
0.000005
0.002961
-0.000528
0.000005
0.002961
-0.000522
0.000004
0.003003
-0.000522
0.000004
0.003003
-0.000512
0.000003
0.003040
-0.000512
0.000003
0.003040
-0.000502
0.000001
0.003072
-0.000502
0.000001
0.003072
-0.000493
-0.000000
0.003096
-0.000493
-0.000000
0.003096
-0.000486
-0.000001
0.003125
-0.000486
-0.000001
0.003125
-0.000476
-0.000000
0.003161
-0.000476
-0.000000
0.003161
-0.000466
-0.000001
0.003197
-0.000466
-0.000001
0.003197
-0.000453
-0.000001
0.003236
-0.000453
-0.000001
0.003236
-0.000438
0.000001
0.003266
-0.000438
0.000001
0.003266
-0.000426
0.000003
0.003284
-0.000426
0.000003
0.003284
-0.000415
0.000004
0.003310
-0.000415
0.000004
0.003310
-0.000400
0.000005
0.003339
-0.000400
0.000005
0.003339
-0.000383
0.000003
0.003359
-0.000383
0.000003
0.003359
-0.000372
-0.000001
0.003372
-0.000372
-0.000001
0.003372
-0.000362
-0.000005
0.003398
-0.000362
-0.000005
0.003398
-0.000341
-0.000007
0.003437
-0.000341
-0.000007
0.003437
-0.000319
-0.000004
0.003458
-0.000319
-0.000004
0.003458
-0.000306
0.000001
0.003460
-0.000306
0.000001
0.003460
-0.000295
0.000007
0.003481
-0.000295
0.000007
0.003481
-0.000265
0.000007
0.003520
-0.000265
0.000007
0.003520
-0.000233
-0.000002
0.003529
-0.000233
-0.000002
0.003529
-0.000218
-0.000016
0.003506
-0.000218
-0.000016
0.003506
-0.000205
-0.000033
0.003513
-0.000205
-0.000033
0.003513
-0.000157
-0.000044
0.003545
-0.000157
-0.000044
0.003545
-0.000108
-0.000039
0.003523
-0.000108
-0.000039
0.003523
-0.000097
-0.000028
0.003447
-0.000097
-0.000028
0.003447
-0.001000
0.000009
0.003026
-0.001000
0.000009
0.003026
-0.001049
0.000006
0.003032
-0.001049
0.000006
0.003032
-0.001095
0.000003
0.003029
-0.001095
0.000003
0.003029
-0.001139
-0.000000
0.003015
-0.001139
-0.000000
0.003015
-0.001180
-0.000002
0.003007
-0.001180
-0.000002
0.003007
-0.001226
-0.000002
0.003007
-0.001226
-0.000002
0.003007
-0.001276
-0.000000
0.002996
-0.001276
-0.000000
0.002996
-0.001325
0.000001
0.002976
-0.001325
0.000001
0.002976
-0.001373
0.000003
0.002949
-0.001373
0.000003
0.002949
-0.001414
0.000003
0.002911
-0.001414
0.000003
0.002911
-0.001458
0.000003
0.002870
-0.001458
0.000003
0.002870
-0.001509
0.000002
0.002832
-0.001509
0.000002
0.002832
-0.001558
0.000002
0.002784
-0.001558
0.000002
0.002784
-0.001606
0.000002
0.002727
-0.001606
0.000002
0.002727
-0.001654
0.000002
0.002664
-0.001654
0.000002
0.002664
-0.001701
0.000003
0.002591
-0.001701
0.000003
0.002591
-0.001745
0.000003
0.002503
-0.001745
0.000003
0.002503
-0.001783
0.000004
0.002397
-0.001783
0.000004
0.002397
-0.001813
0.000004
0.002273
-0.001813
0.000004
0.002273
-0.001815
0.000004
0.002111
-0.001815
0.000004
0.002111
-0.001799
0.000004
0.001923
-0.001799
0.000004
0.001923
-0.001768
0.000004
0.001719
-0.001768
0.000004
0.001719
-0.001694
0.000003
0.001480
-0.001694
0.000003
0.001480
-0.001561
0.000003
0.001204
-0.001561
0.000003
0.001204
-0.001343
0.000003
0.000896
-0.001343
0.000003
0.000896
-0.001022
0.000002
0.000572
-0.001022
0.000002
0.000572
-0.000559
0.000001
0.000257
-0.000559
0.000001
0.000257
0.000055
-0.000000
0.000005
0.000055
-0.000000
0.000005
0.000017
-0.000000
-0.000005
0.000017
-0.000000
-0.000005
0.000018
0.000000
-0.000001
0.000018
0.000000
-0.000001
-0.000008
-0.000000
0.000000
-0.000008
-0.000000
0.000000
-0.000012
-0.000000
0.000000
-0.000012
-0.000000
0.000000
-0.000008
-0.000000
0.000000
-0.000008
-0.000000
0.000000
-0.000009
-0.000000
0.000000
-0.000009
-0.000000
0.000000
-0.000008
-0.000000
0.000000
-0.000008
-0.000000
0.000000
-0.000008
-0.000000
0.000000
-0.000008
-0.000000
0.000000
-0.000007
-0.000000
0.000000
-0.000007
-0.000000
0.000000
-0.000007
-0.000000
0.000000
-0.000007
-0.000000
0.000000
-0.000007
-0.000000
0.000000
-0.000007
-0.000000
0.000000
-0.000006
-0.000000
0.000000
-0.000006
-0.000000
0.000000
-0.000006
-0.000000
0.000000
-0.000006
-0.000000
0.000000
-0.000006
-0.000000
0.000000
-0.000006
-0.000000
0.000000
-0.000006
-0.000000
0.000000
-0.000006
-0.000000
0.000000
-0.000006
-0.000000
0.000000
-0.000006
-0.000000
0.000000
-0.000007
-0.000000
0.000000
-0.000007
-0.000000
0.000000
-0.000007
-0.000000
0.000000
-0.000007
-0.000000
0.000000
-0.000007
-0.000000
0.000000
-0.000007
-0.000000
0.000000
-0.000007
-0.000000
0.000000
-0.000007
-0.000000
0.000000
-0.000007
-0.000000
0.000000
-0.000007
-0.000000
0.000000
-0.000007
-0.000000
0.000000
-0.000007
-0.000000
0.000000
-0.000008
-0.000000
0.000000
-0.000008
-0.000000
0.000000
-0.000008
-0.000000
0.000000
-0.000008
-0.000000
0.000000
-0.000008
-0.000000
0.000000
-0.000008
-0.000000
0.000000
-0.000008
-0.000000
0.000000
-0.000008
-0.000000
0.000000
-0.000008
-0.000000
0.000000
-0.000008
-0.000000
0.000000
-0.000009
-0.000000
0.000000
-0.000009
-0.000000
0.000000
-0.000009
-0.000000
0.000000
-0.000009
-0.000000
0.000000
-0.000071
-0.000001
0.001855
-0.000071
-0.000001
0.001855
-0.000075
-0.000005
0.002220
-0.000075
-0.000005
0.002220
-0.000086
-0.000007
0.002626
-0.000086
-0.000007
0.002626
-0.000085
-0.000002
0.002845
-0.000085
-0.000002
0.002845
-0.000063
0.000008
0.002852
-0.000063
0.000008
0.002852
-0.000051
0.000012
0.002834
-0.000051
0.000012
0.002834
-0.000039
0.000006
0.002822
-0.000039
0.000006
0.002822
-0.000012
-0.000005
0.002818
-0.000012
-0.000005
0.002818
-0.000005
-0.000011
0.002778
-0.000005
-0.000011
0.002778
0.000003
-0.000002
0.002757
0.000003
-0.000002
0.002757
0.000032
0.000013
0.002760
0.000032
0.000013
0.002760
0.000041
0.000020
0.002723
0.000041
0.000020
0.002723
0.000049
0.000011
0.002698
0.000049
0.000011
0.002698
0.000081
-0.000007
0.002690
0.000081
-0.000007
0.002690
0.000083
-0.000016
0.002632
0.000083
-0.000016
0.002632
0.000085
-0.000005
0.002597
0.000085
-0.000005
0.002597
0.000118
0.000016
0.002594
0.000118
0.000016
0.002594
0.000122
0.000025
0.002540
0.000122
0.000025
0.002540
0.000126
0.000013
0.002509
0.000126
0.000013
0.002509
0.000160
-0.000008
0.002498
0.000160
-0.000008
0.002498
0.000156
-0.000019
0.002419
0.000156
-0.000019
0.002419
0.000154
-0.000006
0.002375
0.000154
-0.000006
0.002375
0.000189
0.000017
0.002379
0.000189
0.000017
0.002379
0.000187
0.000027
0.002312
0.000187
0.000027
0.002312
0.000187
0.000015
0.002266
0.000187
0.000015
0.002266
0.000220
-0.000009
0.002255
0.000220
-0.000009
0.002255
0.000211
-0.000020
0.002168
0.000211
-0.000020
0.002168
0.000204
-0.000007
0.002114
0.000204
-0.000007
0.002114
0.000237
0.000017
0.002109
0.000237
0.000017
0.002109
0.000229
0.000027
0.002024
0.000229
0.000027
0.002024
0.000224
0.000015
0.001969
0.000224
0.000015
0.001969
0.000255
-0.000009
0.001952
0.000255
-0.000009
0.001952
0.000237
-0.000020
0.001838
0.000237
-0.000020
0.001838
0.000224
-0.000007
0.001768
0.000224
-0.000007
0.001768
0.000253
0.000017
0.001760
0.000253
0.000017
0.001760
0.000237
0.000026
0.001649
0.000237
0.000026
0.001649
0.000226
0.000014
0.001578
0.000226
0.000014
0.001578
0.000251
-0.000009
0.001557
0.000251
-0.000009
0.001557
0.000223
-0.000018
0.001412
0.000223
-0.000018
0.001412
0.000203
-0.000005
0.001331
0.000203
-0.000005
0.001331
0.000228
0.000016
0.001326
0.000228
0.000016
0.001326
0.000201
0.000024
0.001178
0.000201
0.000024
0.001178
0.000181
0.000012
0.001088
0.000181
0.000012
0.001088
0.000199
-0.000008
0.001063
0.000199
-0.000008
0.001063
0.000156
-0.000014
0.000858
0.000156
-0.000014
0.000858
0.000127
-0.000003
0.000746
0.000127
-0.000003
0.000746
0.000144
0.000013
0.000746
0.000144
0.000013
0.000746
0.000099
0.000015
0.000512
0.000099
0.000015
0.000512
0.000065
0.000005
0.000358
0.000065
0.000005
0.000358
0.000057
-0.000001
0.000283
0.000057
-0.000001
0.000283
-0.000010
0.000001
-0.000131
-0.000010
0.000001
-0.000131
-0.000041
-0.000001
-0.000295
-0.000041
-0.000001
-0.000295
-0.000046
-0.000023
-0.000278
-0.000046
-0.000023
-0.000278
-0.000048
-0.000081
-0.000747
-0.000048
-0.000081
-0.000747
-0.000022
-0.000082
-0.000818
-0.000022
-0.000082
-0.000818
-0.000011
-0.000023
-0.000325
-0.000011
-0.000023
-0.000325
-0.000004
-0.000007
-0.000144
-0.000004
-0.000007
-0.000144
-0.000003
-0.000006
-0.000133
-0.000003
-0.000006
-0.000133
-0.000001
-0.000003
-0.000067
-0.000001
-0.000003
-0.000067
-0.000001
-0.000002
-0.000036
-0.000001
-0.000002
-0.000036
-0.000000
-0.000001
-0.000021
-0.000000
-0.000001
-0.000021
-0.000000
-0.000000
-0.000009
-0.000000
-0.000000
-0.000009
-0.000000
-0.000000
-0.000002
-0.000000
-0.000000
-0.000002
0.000000
0.000000
0.000003
0.000000
0.000000
0.000003
0.000000
0.000000
0.000005
0.000000
0.000000
0.000005
0.000000
0.000000
0.000006
0.000000
0.000000
0.000006
-0.000000
0.000000
0.000006
-0.000000
0.000000
0.000006
-0.000000
0.000000
0.000006
-0.000000
0.000000
0.000006
-0.000000
0.000000
0.000005
-0.000000
0.000000
0.000005
-0.000000
0.000000
0.000007
-0.000000
0.000000
0.000007
-0.000000
0.000000
0.000003
-0.000000
0.000000
0.000003
-0.000000
0.000001
0.000014
-0.000000
0.000001
0.000014
-0.000000
0.000001
0.000015
-0.000000
0.000001
0.000015
-0.000097
-0.000022
0.003741
-0.000097
-0.000022
0.003741
-0.000106
-0.000021
0.004465
-0.000106
-0.000021
0.004465
-0.000116
-0.000024
0.005313
-0.000116
-0.000024
0.005313
-0.000123
-0.000035
0.005943
-0.000123
-0.000035
0.005943
-0.000074
-0.000035
0.006147
-0.000074
-0.000035
0.006147
-0.000019
-0.000005
0.006177
-0.000019
-0.000005
0.006177
0.000046
0.000020
0.006176
0.000046
0.000020
0.006176
0.000110
-0.000001
0.006164
0.000110
-0.000001
0.006164
0.000175
-0.000022
0.006133
0.000175
-0.000022
0.006133
0.000238
0.000003
0.006088
0.000238
0.000003
0.006088
0.000296
0.000026
0.006031
0.000296
0.000026
0.006031
0.000351
0.000000
0.005970
0.000351
0.000000
0.005970
0.000412
-0.000023
0.005901
0.000412
-0.000023
0.005901
0.000468
0.000003
0.005820
0.000468
0.000003
0.005820
0.000517
0.000029
0.005730
0.000517
0.000029
0.005730
0.000563
0.000001
0.005635
0.000563
0.000001
0.005635
0.000612
-0.000024
0.005529
0.000612
-0.000024
0.005529
0.000657
0.000003
0.005415
0.000657
0.000003
0.005415
0.000692
0.000030
0.005297
0.000692
0.000030
0.005297
0.000724
0.000002
0.005172
0.000724
0.000002
0.005172
0.000757
-0.000024
0.005038
0.000757
-0.000024
0.005038
0.000786
0.000003
0.004896
0.000786
0.000003
0.004896
0.000804
0.000029
0.004749
0.000804
0.000029
0.004749
0.000819
0.000003
0.004600
0.000819
0.000003
0.004600
0.000835
-0.000022
0.004449
0.000835
-0.000022
0.004449
0.000847
0.000003
0.004288
0.000847
0.000003
0.004288
0.000846
0.000027
0.004119
0.000846
0.000027
0.004119
0.000843
0.000003
0.003955
0.000843
0.000003
0.003955
0.000843
-0.000020
0.003795
0.000843
-0.000020
0.003795
0.000838
0.000003
0.003626
0.000838
0.000003
0.003626
0.000820
0.000025
0.003449
0.000820
0.000025
0.003449
0.000803
0.000003
0.003281
0.000803
0.000003
0.003281
0.000788
-0.000018
0.003122
0.000788
-0.000018
0.003122
0.000770
0.000003
0.002955
0.000770
0.000003
0.002955
0.000741
0.000022
0.002784
0.000741
0.000022
0.002784
0.000712
0.000003
0.002620
0.000712
0.000003
0.002620
0.000687
-0.000014
0.002467
0.000687
-0.000014
0.002467
0.000660
0.000003
0.002308
0.000660
0.000003
0.002308
0.000622
0.000018
0.002144
0.000622
0.000018
0.002144
0.000586
0.000002
0.001988
0.000586
0.000002
0.001988
0.000555
-0.000012
0.001847
0.000555
-0.000012
0.001847
0.000522
0.000003
0.001701
0.000522
0.000003
0.001701
0.000478
0.000015
0.001545
0.000478
0.000015
0.001545
0.000437
0.000002
0.001397
0.000437
0.000002
0.001397
0.000404
-0.000010
0.001269
0.000404
-0.000010
0.001269
0.000369
0.000002
0.001139
0.000369
0.000002
0.001139
0.000323
0.000012
0.000996
0.000323
0.000012
0.000996
0.000282
0.000002
0.000864
0.000282
0.000002
0.000864
0.000251
-0.000006
0.000754
0.000251
-0.000006
0.000754
0.000217
0.000003
0.000639
0.000217
0.000003
0.000639
0.000170
0.000009
0.000504
0.000170
0.000009
0.000504
0.000130
0.000002
0.000385
0.000130
0.000002
0.000385
0.000110
-0.000002
0.000312
0.000110
-0.000002
0.000312
0.000082
0.000004
0.000217
0.000082
0.000004
0.000217
0.000035
0.000006
0.000100
0.000035
0.000006
0.000100
0.000005
0.000001
0.000011
0.000005
0.000001
0.000011
-0.000017
-0.000004
-0.000056
-0.000017
-0.000004
-0.000056
-0.000024
-0.000007
-0.000092
-0.000024
-0.000007
-0.000092
-0.000020
-0.000006
-0.000095
-0.000020
-0.000006
-0.000095
-0.000016
-0.000005
-0.000079
-0.000016
-0.000005
-0.000079
-0.000013
-0.000004
-0.000066
-0.000013
-0.000004
-0.000066
-0.000011
-0.000003
-0.000058
-0.000011
-0.000003
-0.000058
-0.000009
-0.000002
-0.000050
-0.000009
-0.000002
-0.000050
-0.000007
-0.000002
-0.000043
-0.000007
-0.000002
-0.000043
-0.000006
-0.000002
-0.000036
-0.000006
-0.000002
-0.000036
-0.000005
-0.000001
-0.000031
-0.000005
-0.000001
-0.000031
-0.000004
-0.000001
-0.000025
-0.000004
-0.000001
-0.000025
-0.000003
-0.000001
-0.000021
-0.000003
-0.000001
-0.000021
-0.000003
-0.000001
-0.000018
-0.000003
-0.000001
-0.000018
-0.000002
-0.000001
-0.000016
-0.000002
-0.000001
-0.000016
-0.000002
-0.000001
-0.000011
-0.000002
-0.000001
-0.000011
-0.000002
-0.000001
-0.000014
-0.000002
-0.000001
-0.000014
-0.000002
-0.000001
-0.000015
-0.000002
-0.000001
-0.000015
