0.000690
-0.000001
-0.000107
0.000690
-0.000001
-0.000107
0.001143
-0.000002
-0.000039
0.001143
-0.000002
-0.000039
0.001581
-0.000002
0.000227
0.001581
-0.000002
0.000227
0.001711
-0.000004
0.000861
0.001711
-0.000004
0.000861
0.001370
-0.000006
0.001411
0.001370
-0.000006
0.001411
0.000915
-0.000009
0.001480
0.000915
-0.000009
0.001480
0.000609
-0.000011
0.001362
0.000609
-0.000011
0.001362
0.000443
-0.000012
0.001241
0.000443
-0.000012
0.001241
0.000339
-0.000009
0.001128
0.000339
-0.000009
0.001128
0.000253
-0.000005
0.001015
0.000253
-0.000005
0.001015
0.000193
-0.000002
0.000920
0.000193
-0.000002
0.000920
0.000150
0.000000
0.000841
0.000150
0.000000
0.000841
0.000116
0.000002
0.000771
0.000116
0.000002
0.000771
0.000098
0.000003
0.000720
0.000098
0.000003
0.000720
0.000082
0.000002
0.000663
0.000082
0.000002
0.000663
0.000062
0.000000
0.000589
0.000062
0.000000
0.000589
0.000046
-0.000001
0.000524
0.000046
-0.000001
0.000524
0.000033
-0.000002
0.000470
0.000033
-0.000002
0.000470
0.000023
-0.000003
0.000419
0.000023
-0.000003
0.000419
0.000013
-0.000004
0.000363
0.000013
-0.000004
0.000363
0.000005
-0.000005
0.000315
0.000005
-0.000005
0.000315
0.000000
-0.000006
0.000281
0.000000
-0.000006
0.000281
-0.000004
-0.000007
0.000245
-0.000004
-0.000007
0.000245
-0.000007
-0.000008
0.000214
-0.000007
-0.000008
0.000214
-0.000008
-0.000008
0.000167
-0.000008
-0.000008
0.000167
-0.000007
-0.000004
0.000085
-0.000007
-0.000004
0.000085
-0.000015
-0.000004
0.000096
-0.000015
-0.000004
0.000096
-0.000035
-0.000007
0.000208
-0.000035
-0.000007
0.000208
-0.000050
-0.000008
0.000282
-0.000050
-0.000008
0.000282
-0.000060
-0.000007
0.000324
-0.000060
-0.000007
0.000324
-0.000078
-0.000005
0.000405
-0.000078
-0.000005
0.000405
-0.000108
-0.000004
0.000530
-0.000108
-0.000004
0.000530
-0.000143
-0.000002
0.000664
-0.000143
-0.000002
0.000664
-0.000170
0.000001
0.000769
-0.000170
0.000001
0.000769
-0.000193
0.000006
0.000852
-0.000193
0.000006
0.000852
-0.000205
0.000008
0.000940
-0.000205
0.000008
0.000940
-0.000209
0.000006
0.000996
-0.000209
0.000006
0.000996
-0.000215
0.000000
0.001010
-0.000215
0.000000
0.001010
-0.000225
-0.000005
0.001039
-0.000225
-0.000005
0.001039
-0.000226
-0.000008
0.001091
-0.000226
-0.000008
0.001091
-0.000222
-0.000005
0.001119
-0.000222
-0.000005
0.001119
-0.000226
0.000001
0.001112
-0.000226
0.000001
0.001112
-0.000232
0.000008
0.001119
-0.000232
0.000008
0.001119
-0.000231
0.000012
0.001164
-0.000231
0.000012
0.001164
-0.000226
0.000008
0.001189
-0.000226
0.000008
0.001189
-0.000229
0.000000
0.001172
-0.000229
0.000000
0.001172
-0.000235
-0.000008
0.001171
-0.000235
-0.000008
0.001171
-0.000229
-0.000012
0.001206
-0.000229
-0.000012
0.001206
-0.000219
-0.000007
0.001218
-0.000219
-0.000007
0.001218
-0.000222
0.000002
0.001191
-0.000222
0.000002
0.001191
-0.000229
0.000011
0.001184
-0.000229
0.000011
0.001184
-0.000225
0.000015
0.001222
-0.000225
0.000015
0.001222
-0.000217
0.000011
0.001240
-0.000217
0.000011
0.001240
-0.000221
0.000002
0.001213
-0.000221
0.000002
0.001213
-0.000229
-0.000007
0.001210
-0.000229
-0.000007
0.001210
-0.000223
-0.000013
0.001243
-0.000223
-0.000013
0.001243
-0.000212
-0.000008
0.001249
-0.000212
-0.000008
0.001249
-0.000215
0.000001
0.001222
-0.000215
0.000001
0.001222
-0.000224
0.000010
0.001223
-0.000224
0.000010
0.001223
-0.000221
0.000015
0.001259
-0.000221
0.000015
0.001259
-0.000213
0.000011
0.001271
-0.000213
0.000011
0.001271
-0.000217
0.000003
0.001252
-0.000217
0.000003
0.001252
-0.000226
-0.000005
0.001263
-0.000226
-0.000005
0.001263
-0.000220
-0.000010
0.001294
-0.000220
-0.000010
0.001294
-0.000209
-0.000007
0.001295
-0.000209
-0.000007
0.001295
-0.000212
0.000001
0.001278
-0.000212
0.000001
0.001278
-0.000218
0.000007
0.001288
-0.000218
0.000007
0.001288
-0.000215
0.000011
0.001319
-0.000215
0.000011
0.001319
-0.000207
0.000008
0.001327
-0.000207
0.000008
0.001327
-0.000210
0.000002
0.001316
-0.000210
0.000002
0.001316
-0.000215
-0.000004
0.001327
-0.000215
-0.000004
0.001327
-0.000209
-0.000007
0.001349
-0.000209
-0.000007
0.001349
-0.000199
-0.000005
0.001350
-0.000199
-0.000005
0.001350
-0.000199
0.000001
0.001337
-0.000199
0.000001
0.001337
-0.000202
0.000005
0.001342
-0.000202
0.000005
0.001342
-0.000198
0.000008
0.001363
-0.000198
0.000008
0.001363
-0.000191
0.000006
0.001369
-0.000191
0.000006
0.001369
-0.000191
0.000002
0.001359
-0.000191
0.000002
0.001359
-0.000192
-0.000002
0.001361
-0.000192
-0.000002
0.001361
-0.000185
-0.000005
0.001374
-0.000185
-0.000005
0.001374
-0.000176
-0.000003
0.001375
-0.000176
-0.000003
0.001375
-0.000175
0.000001
0.001365
-0.000175
0.000001
0.001365
-0.000175
0.000004
0.001364
-0.000175
0.000004
0.001364
-0.000170
0.000006
0.001375
-0.000170
0.000006
0.001375
-0.000163
0.000005
0.001378
-0.000163
0.000005
0.001378
-0.000162
0.000002
0.001371
-0.000162
0.000002
0.001371
-0.000160
-0.000001
0.001370
-0.000160
-0.000001
0.001370
-0.000154
-0.000003
0.001377
-0.000154
-0.000003
0.001377
-0.000146
-0.000002
0.001376
-0.000146
-0.000002
0.001376
-0.000144
0.000001
0.001369
-0.000144
0.000001
0.001369
-0.000141
0.000002
0.001367
-0.000141
0.000002
0.001367
-0.000136
0.000003
0.001372
-0.000136
0.000003
0.001372
-0.000131
0.000003
0.001373
-0.000131
0.000003
0.001373
-0.000127
0.000002
0.001369
-0.000127
0.000002
0.001369
-0.000124
0.000000
0.001369
-0.000124
0.000000
0.001369
-0.000118
-0.000001
0.001372
-0.000118
-0.000001
0.001372
-0.000112
-0.000000
0.001371
-0.000112
-0.000000
0.001371
-0.000108
0.000000
0.001367
-0.000108
0.000000
0.001367
-0.000104
0.000001
0.001368
-0.000104
0.000001
0.001368
-0.000099
0.000001
0.001371
-0.000099
0.000001
0.001371
-0.000093
0.000001
0.001370
-0.000093
0.000001
0.001370
-0.000088
-0.000001
0.001367
-0.000088
-0.000001
0.001367
-0.000083
-0.000002
0.001368
-0.000083
-0.000002
0.001368
-0.000076
-0.000003
0.001371
-0.000076
-0.000003
0.001371
-0.000005
-0.000000
0.000000
-0.000005
-0.000000
0.000000
-0.000005
-0.000000
0.000000
-0.000005
-0.000000
0.000000
-0.000005
-0.000000
0.000000
-0.000005
-0.000000
0.000000
-0.000005
-0.000000
0.000000
-0.000005
-0.000000
0.000000
-0.000005
-0.000000
0.000000
-0.000005
-0.000000
0.000000
-0.000005
-0.000000
0.000000
-0.000005
-0.000000
0.000000
-0.000005
-0.000000
0.000000
-0.000005
-0.000000
0.000000
-0.000005
-0.000000
0.000000
-0.000005
-0.000000
0.000000
-0.000004
-0.000000
0.000000
-0.000004
-0.000000
0.000000
-0.000004
-0.000000
0.000000
-0.000004
-0.000000
0.000000
-0.000004
-0.000000
0.000000
-0.000004
-0.000000
0.000000
-0.000004
-0.000000
0.000000
-0.000004
-0.000000
0.000000
-0.000004
-0.000000
0.000000
-0.000004
-0.000000
0.000000
-0.000004
-0.000000
0.000000
-0.000004
-0.000000
0.000000
-0.000004
-0.000000
0.000000
-0.000004
-0.000000
0.000000
-0.000003
-0.000000
0.000000
-0.000003
-0.000000
0.000000
-0.000003
-0.000000
0.000000
-0.000003
-0.000000
0.000000
-0.000003
-0.000000
0.000000
-0.000003
-0.000000
0.000000
-0.000003
-0.000000
0.000000
-0.000003
-0.000000
0.000000
-0.000003
-0.000000
0.000000
-0.000003
-0.000000
0.000000
-0.000003
-0.000000
0.000000
-0.000003
-0.000000
0.000000
-0.000004
-0.000000
0.000000
-0.000004
-0.000000
0.000000
-0.000005
-0.000000
0.000000
-0.000005
-0.000000
0.000000
-0.000005
-0.000000
0.000000
-0.000005
-0.000000
0.000000
-0.000006
-0.000000
0.000000
-0.000006
-0.000000
0.000000
-0.000005
-0.000000
0.000000
-0.000005
-0.000000
0.000000
-0.000013
-0.000000
0.000001
-0.000013
-0.000000
0.000001
-0.000006
-0.000000
0.000000
-0.000006
-0.000000
0.000000
0.000056
0.000000
-0.000002
0.000056
0.000000
-0.000002
0.000049
0.000000
-0.000005
0.000049
0.000000
-0.000005
-0.001107
0.000009
0.003502
-0.001107
0.000009
0.003502
-0.001209
0.000007
0.004002
-0.001209
0.000007
0.004002
-0.001134
0.000001
0.004000
-0.001134
0.000001
0.004000
-0.001054
-0.000006
0.003972
-0.001054
-0.000006
0.003972
-0.000987
-0.000010
0.003910
-0.000987
-0.000010
0.003910
-0.000929
-0.000004
0.003874
-0.000929
-0.000004
0.003874
-0.000859
0.000005
0.003862
-0.000859
0.000005
0.003862
-0.000780
0.000014
0.003808
-0.000780
0.000014
0.003808
-0.000719
0.000018
0.003731
-0.000719
0.000018
0.003731
-0.000664
0.000013
0.003675
-0.000664
0.000013
0.003675
-0.000592
0.000004
0.003621
-0.000592
0.000004
0.003621
-0.000515
-0.000006
0.003520
-0.000515
-0.000006
0.003520
-0.000457
-0.000011
0.003376
-0.000457
-0.000011
0.003376
-0.000405
-0.000007
0.003252
-0.000405
-0.000007
0.003252
-0.000339
-0.000000
0.003141
-0.000339
-0.000000
0.003141
-0.000274
0.000005
0.002979
-0.000274
0.000005
0.002979
-0.000227
0.000005
0.002779
-0.000227
0.000005
0.002779
-0.000189
-0.000004
0.002587
-0.000189
-0.000004
0.002587
-0.000145
-0.000018
0.002409
-0.000145
-0.000018
0.002409
-0.000108
-0.000031
0.002167
-0.000108
-0.000031
0.002167
-0.000137
-0.000028
0.001849
-0.000137
-0.000028
0.001849
-0.000178
0.000003
0.001682
-0.000178
0.000003
0.001682
-0.000169
0.000048
0.001689
-0.000169
0.000048
0.001689
-0.000150
0.000087
0.001578
-0.000150
0.000087
0.001578
-0.000200
0.000097
0.001332
-0.000200
0.000097
0.001332
-0.000282
0.000080
0.001313
-0.000282
0.000080
0.001313
-0.000322
0.000059
0.001517
-0.000322
0.000059
0.001517
-0.000348
0.000033
0.001615
-0.000348
0.000033
0.001615
-0.000380
0.000012
0.001619
-0.000380
0.000012
0.001619
-0.000430
0.000007
0.001710
-0.000430
0.000007
0.001710
-0.000468
0.000008
0.001879
-0.000468
0.000008
0.001879
-0.000494
0.000009
0.002016
-0.000494
0.000009
0.002016
-0.000509
0.000008
0.002116
-0.000509
0.000008
0.002116
-0.000519
0.000006
0.002204
-0.000519
0.000006
0.002204
-0.000522
0.000002
0.002279
-0.000522
0.000002
0.002279
-0.000520
-0.000003
0.002336
-0.000520
-0.000003
0.002336
-0.000525
-0.000006
0.002364
-0.000525
-0.000006
0.002364
-0.000534
-0.000003
0.002408
-0.000534
-0.000003
0.002408
-0.000534
0.000002
0.002480
-0.000534
0.000002
0.002480
-0.000529
0.000007
0.002532
-0.000529
0.000007
0.002532
-0.000529
0.000009
0.002566
-0.000529
0.000009
0.002566
-0.000530
0.000007
0.002610
-0.000530
0.000007
0.002610
-0.000524
0.000003
0.002657
-0.000524
0.000003
0.002657
-0.000514
-0.000002
0.002688
-0.000514
-0.000002
0.002688
-0.000511
-0.000005
0.002699
-0.000511
-0.000005
0.002699
-0.000512
-0.000004
0.002727
-0.000512
-0.000004
0.002727
-0.000505
0.000000
0.002773
-0.000505
0.000000
0.002773
-0.000495
0.000004
0.002804
-0.000495
0.000004
0.002804
-0.000489
0.000006
0.002831
-0.000489
0.000006
0.002831
-0.000484
0.000005
0.002864
-0.000484
0.000005
0.002864
-0.000473
0.000002
0.002893
-0.000473
0.000002
0.002893
-0.000461
-0.000000
0.002912
-0.000461
-0.000000
0.002912
-0.000454
-0.000002
0.002925
-0.000454
-0.000002
0.002925
-0.000448
-0.000001
0.002949
-0.000448
-0.000001
0.002949
-0.000437
-0.000000
0.002976
-0.000437
-0.000000
0.002976
-0.000426
0.000000
0.002995
-0.000426
0.000000
0.002995
-0.000414
0.000001
0.003022
-0.000414
0.000001
0.003022
-0.000403
0.000001
0.003049
-0.000403
0.000001
0.003049
-0.000390
0.000002
0.003060
-0.000390
0.000002
0.003060
-0.000378
0.000002
0.003069
-0.000378
0.000002
0.003069
-0.000365
0.000002
0.003084
-0.000365
0.000002
0.003084
-0.000352
0.000001
0.003101
-0.000352
0.000001
0.003101
-0.000340
-0.000001
0.003111
-0.000340
-0.000001
0.003111
-0.000328
-0.000003
0.003122
-0.000328
-0.000003
0.003122
-0.000312
-0.000004
0.003146
-0.000312
-0.000004
0.003146
-0.000295
-0.000002
0.003167
-0.000295
-0.000002
0.003167
-0.000283
0.000001
0.003169
-0.000283
0.000001
0.003169
-0.000270
0.000003
0.003177
-0.000270
0.000003
0.003177
-0.000245
0.000003
0.003201
-0.000245
0.000003
0.003201
-0.000219
-0.000004
0.003211
-0.000219
-0.000004
0.003211
-0.000204
-0.000016
0.003192
-0.000204
-0.000016
0.003192
-0.000190
-0.000029
0.003187
-0.000190
-0.000029
0.003187
-0.000150
-0.000037
0.003204
-0.000150
-0.000037
0.003204
-0.000109
-0.000035
0.003181
-0.000109
-0.000035
0.003181
-0.000097
-0.000027
0.003113
-0.000097
-0.000027
0.003113
-0.000991
0.000007
0.003003
-0.000991
0.000007
0.003003
-0.001038
0.000005
0.003007
-0.001038
0.000005
0.003007
-0.001083
0.000003
0.003004
-0.001083
0.000003
0.003004
-0.001125
0.000001
0.002990
-0.001125
0.000001
0.002990
-0.001166
-0.000001
0.002980
-0.001166
-0.000001
0.002980
-0.001211
-0.000000
0.002975
-0.001211
-0.000000
0.002975
-0.001259
0.000000
0.002962
-0.001259
0.000000
0.002962
-0.001305
0.000001
0.002942
-0.001305
0.000001
0.002942
-0.001353
0.000002
0.002917
-0.001353
0.000002
0.002917
-0.001395
0.000002
0.002877
-0.001395
0.000002
0.002877
-0.001437
0.000002
0.002833
-0.001437
0.000002
0.002833
-0.001485
0.000002
0.002792
-0.001485
0.000002
0.002792
-0.001532
0.000002
0.002744
-0.001532
0.000002
0.002744
-0.001579
0.000003
0.002689
-0.001579
0.000003
0.002689
-0.001625
0.000003
0.002623
-0.001625
0.000003
0.002623
-0.001669
0.000003
0.002545
-0.001669
0.000003
0.002545
-0.001708
0.000003
0.002453
-0.001708
0.000003
0.002453
-0.001742
0.000003
0.002347
-0.001742
0.000003
0.002347
-0.001769
0.000002
0.002224
-0.001769
0.000002
0.002224
-0.001771
0.000002
0.002061
-0.001771
0.000002
0.002061
-0.001749
0.000002
0.001869
-0.001749
0.000002
0.001869
-0.001710
0.000002
0.001664
-0.001710
0.000002
0.001664
-0.001628
0.000002
0.001424
-0.001628
0.000002
0.001424
-0.001488
0.000003
0.001151
-0.001488
0.000003
0.001151
-0.001266
0.000002
0.000847
-0.001266
0.000002
0.000847
-0.000942
0.000002
0.000530
-0.000942
0.000002
0.000530
-0.000479
0.000001
0.000224
-0.000479
0.000001
0.000224
0.000130
-0.000000
-0.000018
0.000130
-0.000000
-0.000018
0.000023
0.000000
-0.000003
0.000023
0.000000
-0.000003
0.000026
0.000000
-0.000001
0.000026
0.000000
-0.000001
-0.000004
-0.000000
0.000000
-0.000004
-0.000000
0.000000
-0.000008
-0.000000
0.000000
-0.000008
-0.000000
0.000000
-0.000003
-0.000000
0.000000
-0.000003
-0.000000
0.000000
-0.000004
-0.000000
0.000000
-0.000004
-0.000000
0.000000
-0.000003
-0.000000
0.000000
-0.000003
-0.000000
0.000000
-0.000003
-0.000000
0.000000
-0.000003
-0.000000
0.000000
-0.000002
-0.000000
0.000000
-0.000002
-0.000000
0.000000
-0.000002
-0.000000
0.000000
-0.000002
-0.000000
0.000000
-0.000002
-0.000000
0.000000
-0.000002
-0.000000
0.000000
-0.000002
-0.000000
0.000000
-0.000002
-0.000000
0.000000
-0.000002
-0.000000
0.000000
-0.000002
-0.000000
0.000000
-0.000002
-0.000000
0.000000
-0.000002
-0.000000
0.000000
-0.000002
-0.000000
0.000000
-0.000002
-0.000000
0.000000
-0.000002
-0.000000
0.000000
-0.000002
-0.000000
0.000000
-0.000002
-0.000000
0.000000
-0.000002
-0.000000
0.000000
-0.000002
-0.000000
0.000000
-0.000002
-0.000000
0.000000
-0.000002
-0.000000
0.000000
-0.000002
-0.000000
0.000000
-0.000003
-0.000000
0.000000
-0.000003
-0.000000
0.000000
-0.000003
-0.000000
0.000000
-0.000003
-0.000000
0.000000
-0.000003
-0.000000
0.000000
-0.000003
-0.000000
0.000000
-0.000003
-0.000000
0.000000
-0.000003
-0.000000
0.000000
-0.000004
-0.000000
0.000000
-0.000004
-0.000000
0.000000
-0.000004
-0.000000
0.000000
-0.000004
-0.000000
0.000000
-0.000004
-0.000000
0.000000
-0.000004
-0.000000
0.000000
-0.000004
-0.000000
0.000000
-0.000004
-0.000000
0.000000
-0.000004
-0.000000
0.000000
-0.000004
-0.000000
0.000000
-0.000005
-0.000000
0.000000
-0.000005
-0.000000
0.000000
-0.000076
-0.000004
0.001507
-0.000076
-0.000004
0.001507
-0.000083
-0.000005
0.001800
-0.000083
-0.000005
0.001800
-0.000095
-0.000006
0.002133
-0.000095
-0.000006
0.002133
-0.000096
-0.000003
0.002313
-0.000096
-0.000003
0.002313
-0.000081
0.000002
0.002319
-0.000081
0.000002
0.002319
-0.000070
0.000004
0.002316
-0.000070
0.000004
0.002316
-0.000056
0.000002
0.002318
-0.000056
0.000002
0.002318
-0.000038
-0.000002
0.002322
-0.000038
-0.000002
0.002322
-0.000027
-0.000004
0.002309
-0.000027
-0.000004
0.002309
-0.000016
0.000001
0.002305
-0.000016
0.000001
0.002305
0.000006
0.000008
0.002310
0.000006
0.000008
0.002310
0.000018
0.000011
0.002300
0.000018
0.000011
0.002300
0.000031
0.000006
0.002302
0.000031
0.000006
0.002302
0.000056
-0.000003
0.002311
0.000056
-0.000003
0.002311
0.000063
-0.000008
0.002286
0.000063
-0.000008
0.002286
0.000071
-0.000002
0.002282
0.000071
-0.000002
0.002282
0.000099
0.000011
0.002302
0.000099
0.000011
0.002302
0.000108
0.000017
0.002289
0.000108
0.000017
0.002289
0.000119
0.000009
0.002290
0.000119
0.000009
0.002290
0.000149
-0.000005
0.002305
0.000149
-0.000005
0.002305
0.000153
-0.000013
0.002274
0.000153
-0.000013
0.002274
0.000158
-0.000003
0.002262
0.000158
-0.000003
0.002262
0.000190
0.000014
0.002278
0.000190
0.000014
0.002278
0.000196
0.000022
0.002253
0.000196
0.000022
0.002253
0.000205
0.000012
0.002251
0.000205
0.000012
0.002251
0.000238
-0.000007
0.002261
0.000238
-0.000007
0.002261
0.000235
-0.000016
0.002201
0.000235
-0.000016
0.002201
0.000236
-0.000005
0.002180
0.000236
-0.000005
0.002180
0.000273
0.000017
0.002206
0.000273
0.000017
0.002206
0.000273
0.000026
0.002160
0.000273
0.000026
0.002160
0.000275
0.000014
0.002134
0.000275
0.000014
0.002134
0.000312
-0.000009
0.002142
0.000312
-0.000009
0.002142
0.000300
-0.000021
0.002071
0.000300
-0.000021
0.002071
0.000294
-0.000006
0.002038
0.000294
-0.000006
0.002038
0.000333
0.000020
0.002053
0.000333
0.000020
0.002053
0.000321
0.000031
0.001975
0.000321
0.000031
0.001975
0.000316
0.000016
0.001939
0.000316
0.000016
0.001939
0.000353
-0.000012
0.001941
0.000353
-0.000012
0.001941
0.000324
-0.000024
0.001815
0.000324
-0.000024
0.001815
0.000306
-0.000007
0.001757
0.000306
-0.000007
0.001757
0.000346
0.000024
0.001775
0.000346
0.000024
0.001775
0.000316
0.000036
0.001636
0.000316
0.000036
0.001636
0.000294
0.000018
0.001552
0.000294
0.000018
0.001552
0.000326
-0.000013
0.001536
0.000326
-0.000013
0.001536
0.000272
-0.000025
0.001326
0.000272
-0.000025
0.001326
0.000235
-0.000005
0.001214
0.000235
-0.000005
0.001214
0.000265
0.000024
0.001210
0.000265
0.000024
0.001210
0.000203
0.000031
0.000938
0.000203
0.000031
0.000938
0.000155
0.000013
0.000757
0.000155
0.000013
0.000757
0.000150
-0.000005
0.000653
0.000150
-0.000005
0.000653
0.000047
-0.000005
0.000145
0.000047
-0.000005
0.000145
-0.000012
0.000003
-0.000084
-0.000012
0.000003
-0.000084
-0.000024
-0.000016
-0.000121
-0.000024
-0.000016
-0.000121
-0.000041
-0.000092
-0.000744
-0.000041
-0.000092
-0.000744
-0.000022
-0.000098
-0.000879
-0.000022
-0.000098
-0.000879
-0.000011
-0.000026
-0.000333
-0.000011
-0.000026
-0.000333
-0.000004
-0.000007
-0.000158
-0.000004
-0.000007
-0.000158
-0.000002
-0.000007
-0.000159
-0.000002
-0.000007
-0.000159
-0.000001
-0.000003
-0.000074
-0.000001
-0.000003
-0.000074
-0.000000
-0.000002
-0.000036
-0.000000
-0.000002
-0.000036
-0.000000
-0.000001
-0.000022
-0.000000
-0.000001
-0.000022
-0.000000
-0.000000
-0.000011
-0.000000
-0.000000
-0.000011
-0.000000
-0.000000
-0.000006
-0.000000
-0.000000
-0.000006
-0.000000
-0.000000
-0.000002
-0.000000
-0.000000
-0.000002
-0.000000
0.000000
0.000000
-0.000000
0.000000
0.000000
-0.000000
0.000000
0.000002
-0.000000
0.000000
0.000002
-0.000000
0.000000
0.000002
-0.000000
0.000000
0.000002
-0.000000
0.000000
0.000003
-0.000000
0.000000
0.000003
-0.000000
0.000000
0.000002
-0.000000
0.000000
0.000002
-0.000000
0.000000
0.000004
-0.000000
0.000000
0.000004
-0.000000
0.000000
0.000001
-0.000000
0.000000
0.000001
-0.000000
0.000001
0.000013
-0.000000
0.000001
0.000013
-0.000000
0.000001
0.000013
-0.000000
0.000001
0.000013
-0.000095
-0.000025
0.003364
-0.000095
-0.000025
0.003364
-0.000111
-0.000027
0.003996
-0.000111
-0.000027
0.003996
-0.000130
-0.000027
0.004755
-0.000130
-0.000027
0.004755
-0.000133
-0.000029
0.005316
-0.000133
-0.000029
0.005316
-0.000096
-0.000025
0.005469
-0.000096
-0.000025
0.005469
-0.000053
-0.000003
0.005476
-0.000053
-0.000003
0.005476
-0.000000
0.000013
0.005473
-0.000000
0.000013
0.005473
0.000052
-0.000001
0.005461
0.000052
-0.000001
0.005461
0.000106
-0.000014
0.005426
0.000106
-0.000014
0.005426
0.000158
0.000002
0.005377
0.000158
0.000002
0.005377
0.000206
0.000018
0.005323
0.000206
0.000018
0.005323
0.000253
0.000000
0.005273
0.000253
0.000000
0.005273
0.000304
-0.000016
0.005218
0.000304
-0.000016
0.005218
0.000351
0.000003
0.005143
0.000351
0.000003
0.005143
0.000393
0.000021
0.005057
0.000393
0.000021
0.005057
0.000432
0.000001
0.004978
0.000432
0.000001
0.004978
0.000476
-0.000017
0.004897
0.000476
-0.000017
0.004897
0.000516
0.000003
0.004797
0.000516
0.000003
0.004797
0.000547
0.000022
0.004690
0.000547
0.000022
0.004690
0.000578
0.000002
0.004592
0.000578
0.000002
0.004592
0.000611
-0.000018
0.004493
0.000611
-0.000018
0.004493
0.000640
0.000003
0.004378
0.000640
0.000003
0.004378
0.000660
0.000023
0.004257
0.000660
0.000023
0.004257
0.000679
0.000002
0.004142
0.000679
0.000002
0.004142
0.000700
-0.000018
0.004025
0.000700
-0.000018
0.004025
0.000716
0.000003
0.003899
0.000716
0.000003
0.003899
0.000724
0.000023
0.003773
0.000724
0.000023
0.003773
0.000731
0.000002
0.003651
0.000731
0.000002
0.003651
0.000739
-0.000017
0.003527
0.000739
-0.000017
0.003527
0.000744
0.000003
0.003396
0.000744
0.000003
0.003396
0.000739
0.000022
0.003265
0.000739
0.000022
0.003265
0.000734
0.000002
0.003138
0.000734
0.000002
0.003138
0.000731
-0.000016
0.003014
0.000731
-0.000016
0.003014
0.000725
0.000003
0.002883
0.000725
0.000003
0.002883
0.000708
0.000021
0.002746
0.000708
0.000021
0.002746
0.000692
0.000002
0.002616
0.000692
0.000002
0.002616
0.000681
-0.000015
0.002496
0.000681
-0.000015
0.002496
0.000666
0.000003
0.002369
0.000666
0.000003
0.002369
0.000639
0.000020
0.002233
0.000639
0.000020
0.002233
0.000615
0.000002
0.002106
0.000615
0.000002
0.002106
0.000597
-0.000013
0.001993
0.000597
-0.000013
0.001993
0.000576
0.000004
0.001874
0.000576
0.000004
0.001874
0.000542
0.000019
0.001740
0.000542
0.000019
0.001740
0.000511
0.000002
0.001616
0.000511
0.000002
0.001616
0.000488
-0.000013
0.001511
0.000488
-0.000013
0.001511
0.000462
0.000004
0.001400
0.000462
0.000004
0.001400
0.000423
0.000017
0.001271
0.000423
0.000017
0.001271
0.000387
0.000002
0.001152
0.000387
0.000002
0.001152
0.000364
-0.000010
0.001058
0.000364
-0.000010
0.001058
0.000337
0.000005
0.000955
0.000337
0.000005
0.000955
0.000289
0.000016
0.000822
0.000289
0.000016
0.000822
0.000249
0.000002
0.000702
0.000249
0.000002
0.000702
0.000241
-0.000005
0.000638
0.000241
-0.000005
0.000638
0.000216
0.000013
0.000536
0.000216
0.000013
0.000536
0.000152
0.000026
0.000393
0.000152
0.000026
0.000393
0.000100
0.000020
0.000261
0.000100
0.000020
0.000261
0.000045
0.000010
0.000132
0.000045
0.000010
0.000132
0.000015
0.000004
0.000051
0.000015
0.000004
0.000051
0.000005
0.000001
0.000020
0.000005
0.000001
0.000020
0.000002
0.000001
0.000011
0.000002
0.000001
0.000011
0.000001
0.000000
0.000003
0.000001
0.000000
0.000003
-0.000001
-0.000000
-0.000005
-0.000001
-0.000000
-0.000005
-0.000001
-0.000000
-0.000007
-0.000001
-0.000000
-0.000007
-0.000002
-0.000000
-0.000008
-0.000002
-0.000000
-0.000008
-0.000001
-0.000000
-0.000008
-0.000001
-0.000000
-0.000008
-0.000001
-0.000000
-0.000008
-0.000001
-0.000000
-0.000008
-0.000001
-0.000000
-0.000007
-0.000001
-0.000000
-0.000007
-0.000001
-0.000000
-0.000007
-0.000001
-0.000000
-0.000007
-0.000001
-0.000000
-0.000006
-0.000001
-0.000000
-0.000006
-0.000001
-0.000000
-0.000006
-0.000001
-0.000000
-0.000006
-0.000001
-0.000000
-0.000003
-0.000001
-0.000000
-0.000003
-0.000001
-0.000000
-0.000008
-0.000001
-0.000000
-0.000008
-0.000002
-0.000000
-0.000010
-0.000002
-0.000000
-0.000010
