0.000501
-0.000001
-0.000071
0.000501
-0.000001
-0.000071
0.000988
-0.000002
-0.000030
0.000988
-0.000002
-0.000030
0.001463
-0.000002
0.000214
0.001463
-0.000002
0.000214
0.001666
-0.000004
0.000845
0.001666
-0.000004
0.000845
0.001394
-0.000008
0.001435
0.001394
-0.000008
0.001435
0.000960
-0.000011
0.001547
0.000960
-0.000011
0.001547
0.000649
-0.000015
0.001447
0.000649
-0.000015
0.001447
0.000477
-0.000015
0.001331
0.000477
-0.000015
0.001331
0.000370
-0.000012
0.001219
0.000370
-0.000012
0.001219
0.000279
-0.000007
0.001106
0.000279
-0.000007
0.001106
0.000214
-0.000003
0.001008
0.000214
-0.000003
0.001008
0.000166
0.000000
0.000926
0.000166
0.000000
0.000926
0.000130
0.000003
0.000852
0.000130
0.000003
0.000852
0.000110
0.000004
0.000798
0.000110
0.000004
0.000798
0.000094
0.000002
0.000735
0.000094
0.000002
0.000735
0.000071
0.000000
0.000654
0.000071
0.000000
0.000654
0.000052
-0.000002
0.000582
0.000052
-0.000002
0.000582
0.000038
-0.000003
0.000522
0.000038
-0.000003
0.000522
0.000026
-0.000004
0.000461
0.000026
-0.000004
0.000461
0.000014
-0.000005
0.000397
0.000014
-0.000005
0.000397
0.000005
-0.000006
0.000340
0.000005
-0.000006
0.000340
-0.000000
-0.000007
0.000298
-0.000000
-0.000007
0.000298
-0.000004
-0.000008
0.000250
-0.000004
-0.000008
0.000250
-0.000007
-0.000009
0.000209
-0.000007
-0.000009
0.000209
-0.000008
-0.000008
0.000153
-0.000008
-0.000008
0.000153
-0.000003
-0.000003
0.000053
-0.000003
-0.000003
0.000053
-0.000011
-0.000003
0.000059
-0.000011
-0.000003
0.000059
-0.000035
-0.000007
0.000183
-0.000035
-0.000007
0.000183
-0.000051
-0.000008
0.000261
-0.000051
-0.000008
0.000261
-0.000062
-0.000007
0.000302
-0.000062
-0.000007
0.000302
-0.000082
-0.000006
0.000381
-0.000082
-0.000006
0.000381
-0.000114
-0.000004
0.000500
-0.000114
-0.000004
0.000500
-0.000152
-0.000002
0.000633
-0.000152
-0.000002
0.000633
-0.000181
0.000001
0.000735
-0.000181
0.000001
0.000735
-0.000206
0.000006
0.000816
-0.000206
0.000006
0.000816
-0.000219
0.000010
0.000908
-0.000219
0.000010
0.000908
-0.000222
0.000007
0.000963
-0.000222
0.000007
0.000963
-0.000226
0.000000
0.000968
-0.000226
0.000000
0.000968
-0.000237
-0.000006
0.000996
-0.000237
-0.000006
0.000996
-0.000238
-0.000010
0.001051
-0.000238
-0.000010
0.001051
-0.000232
-0.000006
0.001075
-0.000232
-0.000006
0.001075
-0.000234
0.000001
0.001065
-0.000234
0.000001
0.001065
-0.000242
0.000009
0.001079
-0.000242
0.000009
0.001079
-0.000241
0.000013
0.001131
-0.000241
0.000013
0.001131
-0.000234
0.000009
0.001153
-0.000234
0.000009
0.001153
-0.000237
0.000000
0.001136
-0.000237
0.000000
0.001136
-0.000246
-0.000009
0.001145
-0.000246
-0.000009
0.001145
-0.000240
-0.000014
0.001188
-0.000240
-0.000014
0.001188
-0.000228
-0.000008
0.001200
-0.000228
-0.000008
0.001200
-0.000231
0.000002
0.001174
-0.000231
0.000002
0.001174
-0.000241
0.000012
0.001177
-0.000241
0.000012
0.001177
-0.000237
0.000018
0.001224
-0.000237
0.000018
0.001224
-0.000228
0.000013
0.001243
-0.000228
0.000013
0.001243
-0.000233
0.000002
0.001219
-0.000233
0.000002
0.001219
-0.000244
-0.000009
0.001223
-0.000244
-0.000009
0.001223
-0.000237
-0.000015
0.001265
-0.000237
-0.000015
0.001265
-0.000224
-0.000009
0.001276
-0.000224
-0.000009
0.001276
-0.000230
0.000001
0.001251
-0.000230
0.000001
0.001251
-0.000240
0.000012
0.001253
-0.000240
0.000012
0.001253
-0.000236
0.000017
0.001297
-0.000236
0.000017
0.001297
-0.000227
0.000013
0.001317
-0.000227
0.000013
0.001317
-0.000233
0.000003
0.001300
-0.000233
0.000003
0.001300
-0.000242
-0.000007
0.001306
-0.000242
-0.000007
0.001306
-0.000235
-0.000012
0.001342
-0.000235
-0.000012
0.001342
-0.000223
-0.000008
0.001354
-0.000223
-0.000008
0.001354
-0.000227
0.000001
0.001339
-0.000227
0.000001
0.001339
-0.000234
0.000009
0.001344
-0.000234
0.000009
0.001344
-0.000229
0.000014
0.001379
-0.000229
0.000014
0.001379
-0.000220
0.000010
0.001397
-0.000220
0.000010
0.001397
-0.000223
0.000003
0.001388
-0.000223
0.000003
0.001388
-0.000229
-0.000005
0.001395
-0.000229
-0.000005
0.001395
-0.000221
-0.000009
0.001422
-0.000221
-0.000009
0.001422
-0.000209
-0.000006
0.001431
-0.000209
-0.000006
0.001431
-0.000211
0.000001
0.001424
-0.000211
0.000001
0.001424
-0.000214
0.000007
0.001430
-0.000214
0.000007
0.001430
-0.000208
0.000010
0.001455
-0.000208
0.000010
0.001455
-0.000200
0.000008
0.001469
-0.000200
0.000008
0.001469
-0.000200
0.000003
0.001465
-0.000200
0.000003
0.001465
-0.000202
-0.000003
0.001473
-0.000202
-0.000003
0.001473
-0.000194
-0.000006
0.001492
-0.000194
-0.000006
0.001492
-0.000183
-0.000004
0.001499
-0.000183
-0.000004
0.001499
-0.000183
0.000001
0.001495
-0.000183
0.000001
0.001495
-0.000183
0.000005
0.001501
-0.000183
0.000005
0.001501
-0.000176
0.000007
0.001518
-0.000176
0.000007
0.001518
-0.000169
0.000006
0.001528
-0.000169
0.000006
0.001528
-0.000167
0.000002
0.001527
-0.000167
0.000002
0.001527
-0.000165
-0.000001
0.001534
-0.000165
-0.000001
0.001534
-0.000158
-0.000003
0.001545
-0.000158
-0.000003
0.001545
-0.000149
-0.000002
0.001551
-0.000149
-0.000002
0.001551
-0.000145
0.000000
0.001550
-0.000145
0.000000
0.001550
-0.000142
0.000003
0.001554
-0.000142
0.000003
0.001554
-0.000136
0.000004
0.001563
-0.000136
0.000004
0.001563
-0.000130
0.000003
0.001570
-0.000130
0.000003
0.001570
-0.000126
0.000002
0.001572
-0.000126
0.000002
0.001572
-0.000121
0.000001
0.001576
-0.000121
0.000001
0.001576
-0.000115
0.000000
0.001582
-0.000115
0.000000
0.001582
-0.000107
0.000000
0.001586
-0.000107
0.000000
0.001586
-0.000102
0.000000
0.001588
-0.000102
0.000000
0.001588
-0.000096
0.000001
0.001589
-0.000096
0.000001
0.001589
-0.000091
0.000001
0.001592
-0.000091
0.000001
0.001592
-0.000085
0.000001
0.001595
-0.000085
0.000001
0.001595
-0.000078
0.000001
0.001597
-0.000078
0.000001
0.001597
-0.000072
0.000001
0.001598
-0.000072
0.000001
0.001598
-0.000066
0.000001
0.001599
-0.000066
0.000001
0.001599
0.000000
0.000000
-0.000000
0.000000
0.000000
-0.000000
-0.000000
-0.000000
0.000000
-0.000000
-0.000000
0.000000
-0.000000
-0.000000
0.000000
-0.000000
-0.000000
0.000000
-0.000000
-0.000000
0.000000
-0.000000
-0.000000
0.000000
-0.000000
-0.000000
0.000000
-0.000000
-0.000000
0.000000
-0.000000
-0.000000
0.000000
-0.000000
-0.000000
0.000000
-0.000000
-0.000000
0.000000
-0.000000
-0.000000
0.000000
-0.000000
-0.000000
0.000000
-0.000000
-0.000000
0.000000
-0.000000
-0.000000
0.000000
-0.000000
-0.000000
0.000000
0.000000
0.000000
-0.000000
0.000000
0.000000
-0.000000
0.000000
0.000000
-0.000000
0.000000
0.000000
-0.000000
0.000000
0.000000
-0.000000
0.000000
0.000000
-0.000000
0.000000
0.000000
-0.000000
0.000000
0.000000
-0.000000
0.000000
0.000000
-0.000000
0.000000
0.000000
-0.000000
0.000001
0.000000
-0.000000
0.000001
0.000000
-0.000000
0.000001
0.000000
-0.000000
0.000001
0.000000
-0.000000
0.000001
0.000000
-0.000000
0.000001
0.000000
-0.000000
0.000001
0.000000
-0.000000
0.000001
0.000000
-0.000000
0.000001
0.000000
-0.000000
0.000001
0.000000
-0.000000
0.000001
0.000000
-0.000000
0.000001
0.000000
-0.000000
0.000001
0.000000
-0.000000
0.000001
0.000000
-0.000000
0.000001
0.000000
-0.000000
0.000001
0.000000
-0.000000
-0.000000
-0.000000
0.000000
-0.000000
-0.000000
0.000000
-0.000000
-0.000000
0.000000
-0.000000
-0.000000
0.000000
-0.000002
-0.000000
0.000000
-0.000002
-0.000000
0.000000
-0.000001
-0.000000
0.000000
-0.000001
-0.000000
0.000000
-0.000009
-0.000000
0.000000
-0.000009
-0.000000
0.000000
-0.000001
-0.000000
0.000000
-0.000001
-0.000000
0.000000
0.000066
0.000000
-0.000002
0.000066
0.000000
-0.000002
0.000057
-0.000000
-0.000008
0.000057
-0.000000
-0.000008
-0.001136
0.000011
0.003554
-0.001136
0.000011
0.003554
-0.001240
0.000008
0.004056
-0.001240
0.000008
0.004056
-0.001161
0.000000
0.004052
-0.001161
0.000000
0.004052
-0.001075
-0.000009
0.004016
-0.001075
-0.000009
0.004016
-0.001006
-0.000012
0.003939
-0.001006
-0.000012
0.003939
-0.000946
-0.000006
0.003893
-0.000946
-0.000006
0.003893
-0.000871
0.000005
0.003876
-0.000871
0.000005
0.003876
-0.000788
0.000016
0.003812
-0.000788
0.000016
0.003812
-0.000724
0.000021
0.003718
-0.000724
0.000021
0.003718
-0.000669
0.000015
0.003648
-0.000669
0.000015
0.003648
-0.000593
0.000004
0.003587
-0.000593
0.000004
0.003587
-0.000512
-0.000007
0.003474
-0.000512
-0.000007
0.003474
-0.000452
-0.000013
0.003310
-0.000452
-0.000013
0.003310
-0.000400
-0.000008
0.003168
-0.000400
-0.000008
0.003168
-0.000332
-0.000000
0.003047
-0.000332
-0.000000
0.003047
-0.000264
0.000006
0.002871
-0.000264
0.000006
0.002871
-0.000219
0.000006
0.002654
-0.000219
0.000006
0.002654
-0.000183
-0.000004
0.002454
-0.000183
-0.000004
0.002454
-0.000140
-0.000019
0.002277
-0.000140
-0.000019
0.002277
-0.000103
-0.000033
0.002038
-0.000103
-0.000033
0.002038
-0.000136
-0.000030
0.001725
-0.000136
-0.000030
0.001725
-0.000181
0.000003
0.001563
-0.000181
0.000003
0.001563
-0.000173
0.000049
0.001574
-0.000173
0.000049
0.001574
-0.000156
0.000090
0.001475
-0.000156
0.000090
0.001475
-0.000208
0.000100
0.001244
-0.000208
0.000100
0.001244
-0.000294
0.000082
0.001218
-0.000294
0.000082
0.001218
-0.000337
0.000060
0.001407
-0.000337
0.000060
0.001407
-0.000364
0.000034
0.001506
-0.000364
0.000034
0.001506
-0.000400
0.000012
0.001519
-0.000400
0.000012
0.001519
-0.000457
0.000007
0.001619
-0.000457
0.000007
0.001619
-0.000502
0.000008
0.001797
-0.000502
0.000008
0.001797
-0.000533
0.000010
0.001941
-0.000533
0.000010
0.001941
-0.000555
0.000009
0.002057
-0.000555
0.000009
0.002057
-0.000573
0.000007
0.002168
-0.000573
0.000007
0.002168
-0.000581
0.000002
0.002262
-0.000581
0.000002
0.002262
-0.000582
-0.000004
0.002330
-0.000582
-0.000004
0.002330
-0.000591
-0.000007
0.002368
-0.000591
-0.000007
0.002368
-0.000605
-0.000004
0.002430
-0.000605
-0.000004
0.002430
-0.000610
0.000002
0.002520
-0.000610
0.000002
0.002520
-0.000606
0.000008
0.002582
-0.000606
0.000008
0.002582
-0.000610
0.000011
0.002628
-0.000610
0.000011
0.002628
-0.000616
0.000009
0.002688
-0.000616
0.000009
0.002688
-0.000612
0.000003
0.002752
-0.000612
0.000003
0.002752
-0.000603
-0.000003
0.002795
-0.000603
-0.000003
0.002795
-0.000602
-0.000006
0.002814
-0.000602
-0.000006
0.002814
-0.000606
-0.000004
0.002854
-0.000606
-0.000004
0.002854
-0.000601
0.000000
0.002917
-0.000601
0.000000
0.002917
-0.000592
0.000004
0.002962
-0.000592
0.000004
0.002962
-0.000588
0.000006
0.003000
-0.000588
0.000006
0.003000
-0.000584
0.000006
0.003045
-0.000584
0.000006
0.003045
-0.000574
0.000003
0.003088
-0.000574
0.000003
0.003088
-0.000563
0.000000
0.003121
-0.000563
0.000000
0.003121
-0.000555
-0.000001
0.003145
-0.000555
-0.000001
0.003145
-0.000549
-0.000001
0.003176
-0.000549
-0.000001
0.003176
-0.000540
-0.000001
0.003215
-0.000540
-0.000001
0.003215
-0.000529
-0.000000
0.003252
-0.000529
-0.000000
0.003252
-0.000516
-0.000000
0.003292
-0.000516
-0.000000
0.003292
-0.000503
0.000001
0.003327
-0.000503
0.000001
0.003327
-0.000490
0.000003
0.003348
-0.000490
0.000003
0.003348
-0.000478
0.000004
0.003375
-0.000478
0.000004
0.003375
-0.000463
0.000005
0.003406
-0.000463
0.000005
0.003406
-0.000447
0.000002
0.003431
-0.000447
0.000002
0.003431
-0.000434
-0.000001
0.003448
-0.000434
-0.000001
0.003448
-0.000423
-0.000005
0.003476
-0.000423
-0.000005
0.003476
-0.000403
-0.000007
0.003521
-0.000403
-0.000007
0.003521
-0.000381
-0.000004
0.003549
-0.000381
-0.000004
0.003549
-0.000367
0.000001
0.003553
-0.000367
0.000001
0.003553
-0.000355
0.000007
0.003579
-0.000355
0.000007
0.003579
-0.000323
0.000008
0.003625
-0.000323
0.000008
0.003625
-0.000288
-0.000002
0.003639
-0.000288
-0.000002
0.003639
-0.000271
-0.000018
0.003615
-0.000271
-0.000018
0.003615
-0.000256
-0.000037
0.003623
-0.000256
-0.000037
0.003623
-0.000204
-0.000048
0.003659
-0.000204
-0.000048
0.003659
-0.000150
-0.000043
0.003629
-0.000150
-0.000043
0.003629
-0.000135
-0.000031
0.003536
-0.000135
-0.000031
0.003536
-0.001017
0.000009
0.003054
-0.001017
0.000009
0.003054
-0.001067
0.000006
0.003063
-0.001067
0.000006
0.003063
-0.001115
0.000003
0.003063
-0.001115
0.000003
0.003063
-0.001161
-0.000000
0.003052
-0.001161
-0.000000
0.003052
-0.001204
-0.000002
0.003047
-0.001204
-0.000002
0.003047
-0.001251
-0.000002
0.003048
-0.001251
-0.000002
0.003048
-0.001303
-0.000000
0.003039
-0.001303
-0.000000
0.003039
-0.001354
0.000001
0.003022
-0.001354
0.000001
0.003022
-0.001404
0.000002
0.002999
-0.001404
0.000002
0.002999
-0.001448
0.000003
0.002962
-0.001448
0.000003
0.002962
-0.001493
0.000003
0.002922
-0.001493
0.000003
0.002922
-0.001547
0.000002
0.002887
-0.001547
0.000002
0.002887
-0.001599
0.000002
0.002843
-0.001599
0.000002
0.002843
-0.001652
0.000002
0.002790
-0.001652
0.000002
0.002790
-0.001703
0.000002
0.002729
-0.001703
0.000002
0.002729
-0.001754
0.000003
0.002658
-0.001754
0.000003
0.002658
-0.001802
0.000003
0.002571
-0.001802
0.000003
0.002571
-0.001845
0.000004
0.002469
-0.001845
0.000004
0.002469
-0.001882
0.000004
0.002348
-0.001882
0.000004
0.002348
-0.001891
0.000003
0.002187
-0.001891
0.000003
0.002187
-0.001880
0.000003
0.001999
-0.001880
0.000003
0.001999
-0.001857
0.000003
0.001796
-0.001857
0.000003
0.001796
-0.001791
0.000003
0.001557
-0.001791
0.000003
0.001557
-0.001668
0.000003
0.001281
-0.001668
0.000003
0.001281
-0.001461
0.000003
0.000969
-0.001461
0.000003
0.000969
-0.001150
0.000003
0.000639
-0.001150
0.000003
0.000639
-0.000695
0.000002
0.000315
-0.000695
0.000002
0.000315
-0.000085
0.000000
0.000048
-0.000085
0.000000
0.000048
0.000010
0.000000
-0.000001
0.000010
0.000000
-0.000001
0.000013
0.000000
-0.000000
0.000013
0.000000
-0.000000
0.000001
0.000000
-0.000000
0.000001
0.000000
-0.000000
-0.000001
-0.000000
0.000000
-0.000001
-0.000000
0.000000
0.000001
0.000000
-0.000000
0.000001
0.000000
-0.000000
0.000001
0.000000
-0.000000
0.000001
0.000000
-0.000000
0.000001
0.000000
-0.000000
0.000001
0.000000
-0.000000
0.000001
0.000000
-0.000000
0.000001
0.000000
-0.000000
0.000002
0.000000
-0.000000
0.000002
0.000000
-0.000000
0.000002
0.000000
-0.000000
0.000002
0.000000
-0.000000
0.000002
0.000000
-0.000000
0.000002
0.000000
-0.000000
0.000002
0.000000
-0.000000
0.000002
0.000000
-0.000000
0.000002
0.000000
-0.000000
0.000002
0.000000
-0.000000
0.000002
0.000000
-0.000000
0.000002
0.000000
-0.000000
0.000002
0.000000
-0.000000
0.000002
0.000000
-0.000000
0.000002
0.000000
-0.000000
0.000002
0.000000
-0.000000
0.000002
0.000000
-0.000000
0.000002
0.000000
-0.000000
0.000002
0.000000
-0.000000
0.000002
0.000000
-0.000000
0.000002
0.000000
-0.000000
0.000002
0.000000
-0.000000
0.000001
0.000000
-0.000000
0.000001
0.000000
-0.000000
0.000001
0.000000
-0.000000
0.000001
0.000000
-0.000000
0.000001
0.000000
-0.000000
0.000001
0.000000
-0.000000
0.000001
0.000000
-0.000000
0.000001
0.000000
-0.000000
0.000001
0.000000
-0.000000
0.000001
0.000000
-0.000000
0.000001
0.000000
-0.000000
0.000001
0.000000
-0.000000
0.000000
0.000000
-0.000000
0.000000
0.000000
-0.000000
0.000000
0.000000
-0.000000
0.000000
0.000000
-0.000000
0.000000
0.000000
-0.000000
0.000000
0.000000
-0.000000
0.000000
0.000000
-0.000000
0.000000
0.000000
-0.000000
-0.000065
-0.000001
0.001762
-0.000065
-0.000001
0.001762
-0.000067
-0.000004
0.002115
-0.000067
-0.000004
0.002115
-0.000075
-0.000007
0.002512
-0.000075
-0.000007
0.002512
-0.000072
-0.000002
0.002732
-0.000072
-0.000002
0.002732
-0.000048
0.000008
0.002751
-0.000048
0.000008
0.002751
-0.000035
0.000012
0.002746
-0.000035
0.000012
0.002746
-0.000021
0.000006
0.002747
-0.000021
0.000006
0.002747
0.000008
-0.000006
0.002758
0.000008
-0.000006
0.002758
0.000016
-0.000011
0.002737
0.000016
-0.000011
0.002737
0.000026
-0.000002
0.002731
0.000026
-0.000002
0.002731
0.000058
0.000014
0.002745
0.000058
0.000014
0.002745
0.000068
0.000022
0.002724
0.000068
0.000022
0.002724
0.000078
0.000012
0.002718
0.000078
0.000012
0.002718
0.000114
-0.000008
0.002728
0.000114
-0.000008
0.002728
0.000116
-0.000018
0.002682
0.000116
-0.000018
0.002682
0.000120
-0.000006
0.002664
0.000120
-0.000006
0.002664
0.000158
0.000018
0.002681
0.000158
0.000018
0.002681
0.000162
0.000029
0.002641
0.000162
0.000029
0.002641
0.000167
0.000015
0.002623
0.000167
0.000015
0.002623
0.000207
-0.000010
0.002630
0.000207
-0.000010
0.002630
0.000202
-0.000023
0.002567
0.000202
-0.000023
0.002567
0.000200
-0.000008
0.002536
0.000200
-0.000008
0.002536
0.000241
0.000020
0.002552
0.000241
0.000020
0.002552
0.000239
0.000033
0.002495
0.000239
0.000033
0.002495
0.000239
0.000018
0.002464
0.000239
0.000018
0.002464
0.000280
-0.000012
0.002469
0.000280
-0.000012
0.002469
0.000268
-0.000025
0.002387
0.000268
-0.000025
0.002387
0.000259
-0.000009
0.002344
0.000259
-0.000009
0.002344
0.000301
0.000021
0.002354
0.000301
0.000021
0.002354
0.000291
0.000035
0.002276
0.000291
0.000035
0.002276
0.000285
0.000018
0.002233
0.000285
0.000018
0.002233
0.000324
-0.000012
0.002232
0.000324
-0.000012
0.002232
0.000302
-0.000026
0.002119
0.000302
-0.000026
0.002119
0.000286
-0.000009
0.002061
0.000286
-0.000009
0.002061
0.000326
0.000022
0.002073
0.000326
0.000022
0.002073
0.000306
0.000035
0.001963
0.000306
0.000035
0.001963
0.000291
0.000018
0.001893
0.000291
0.000018
0.001893
0.000326
-0.000012
0.001884
0.000326
-0.000012
0.001884
0.000292
-0.000026
0.001740
0.000292
-0.000026
0.001740
0.000268
-0.000008
0.001660
0.000268
-0.000008
0.001660
0.000302
0.000022
0.001663
0.000302
0.000022
0.001663
0.000268
0.000033
0.001505
0.000268
0.000033
0.001505
0.000243
0.000016
0.001408
0.000243
0.000016
0.001408
0.000269
-0.000011
0.001387
0.000269
-0.000011
0.001387
0.000218
-0.000021
0.001167
0.000218
-0.000021
0.001167
0.000182
-0.000005
0.001045
0.000182
-0.000005
0.001045
0.000205
0.000019
0.001042
0.000205
0.000019
0.001042
0.000153
0.000024
0.000785
0.000153
0.000024
0.000785
0.000112
0.000010
0.000614
0.000112
0.000010
0.000614
0.000107
-0.000003
0.000528
0.000107
-0.000003
0.000528
0.000028
-0.000003
0.000077
0.000028
-0.000003
0.000077
-0.000015
0.000002
-0.000118
-0.000015
0.000002
-0.000118
-0.000020
-0.000012
-0.000114
-0.000020
-0.000012
-0.000114
-0.000032
-0.000070
-0.000625
-0.000032
-0.000070
-0.000625
-0.000019
-0.000075
-0.000734
-0.000019
-0.000075
-0.000734
-0.000008
-0.000019
-0.000258
-0.000008
-0.000019
-0.000258
-0.000003
-0.000005
-0.000103
-0.000003
-0.000005
-0.000103
-0.000003
-0.000006
-0.000121
-0.000003
-0.000006
-0.000121
-0.000001
-0.000003
-0.000072
-0.000001
-0.000003
-0.000072
-0.000001
-0.000002
-0.000050
-0.000001
-0.000002
-0.000050
-0.000000
-0.000002
-0.000039
-0.000000
-0.000002
-0.000039
-0.000000
-0.000001
-0.000030
-0.000000
-0.000001
-0.000030
-0.000000
-0.000001
-0.000023
-0.000000
-0.000001
-0.000023
-0.000000
-0.000001
-0.000019
-0.000000
-0.000001
-0.000019
-0.000000
-0.000001
-0.000015
-0.000000
-0.000001
-0.000015
0.000000
-0.000001
-0.000013
0.000000
-0.000001
-0.000013
0.000000
-0.000000
-0.000011
0.000000
-0.000000
-0.000011
0.000000
-0.000000
-0.000009
0.000000
-0.000000
-0.000009
0.000000
-0.000000
-0.000008
0.000000
-0.000000
-0.000008
0.000000
-0.000000
-0.000004
0.000000
-0.000000
-0.000004
0.000000
-0.000000
-0.000007
0.000000
-0.000000
-0.000007
-0.000000
0.000000
0.000007
-0.000000
0.000000
0.000007
-0.000000
0.000000
0.000008
-0.000000
0.000000
0.000008
-0.000137
-0.000025
0.003825
-0.000137
-0.000025
0.003825
-0.000153
-0.000024
0.004560
-0.000153
-0.000024
0.004560
-0.000171
-0.000028
0.005430
-0.000171
-0.000028
0.005430
-0.000183
-0.000039
0.006085
-0.000183
-0.000039
0.006085
-0.000130
-0.000039
0.006309
-0.000130
-0.000039
0.006309
-0.000069
-0.000005
0.006354
-0.000069
-0.000005
0.006354
0.000005
0.000022
0.006366
0.000005
0.000022
0.006366
0.000078
-0.000001
0.006360
0.000078
-0.000001
0.006360
0.000153
-0.000025
0.006326
0.000153
-0.000025
0.006326
0.000225
0.000003
0.006277
0.000225
0.000003
0.006277
0.000293
0.000029
0.006217
0.000293
0.000029
0.006217
0.000357
0.000000
0.006152
0.000357
0.000000
0.006152
0.000426
-0.000027
0.006075
0.000426
-0.000027
0.006075
0.000491
0.000004
0.005979
0.000491
0.000004
0.005979
0.000547
0.000032
0.005871
0.000547
0.000032
0.005871
0.000600
0.000001
0.005762
0.000600
0.000001
0.005762
0.000655
-0.000028
0.005645
0.000655
-0.000028
0.005645
0.000705
0.000004
0.005512
0.000705
0.000004
0.005512
0.000743
0.000033
0.005365
0.000743
0.000033
0.005365
0.000778
0.000002
0.005221
0.000778
0.000002
0.005221
0.000814
-0.000027
0.005074
0.000814
-0.000027
0.005074
0.000845
0.000003
0.004912
0.000845
0.000003
0.004912
0.000861
0.000032
0.004739
0.000861
0.000032
0.004739
0.000874
0.000003
0.004571
0.000874
0.000003
0.004571
0.000890
-0.000025
0.004408
0.000890
-0.000025
0.004408
0.000900
0.000003
0.004234
0.000900
0.000003
0.004234
0.000895
0.000030
0.004051
0.000895
0.000030
0.004051
0.000890
0.000003
0.003874
0.000890
0.000003
0.003874
0.000886
-0.000022
0.003706
0.000886
-0.000022
0.003706
0.000878
0.000003
0.003532
0.000878
0.000003
0.003532
0.000856
0.000026
0.003349
0.000856
0.000026
0.003349
0.000835
0.000003
0.003175
0.000835
0.000003
0.003175
0.000817
-0.000019
0.003014
0.000817
-0.000019
0.003014
0.000796
0.000003
0.002849
0.000796
0.000003
0.002849
0.000763
0.000023
0.002678
0.000763
0.000023
0.002678
0.000731
0.000003
0.002516
0.000731
0.000003
0.002516
0.000705
-0.000015
0.002371
0.000705
-0.000015
0.002371
0.000677
0.000003
0.002224
0.000677
0.000003
0.002224
0.000638
0.000019
0.002069
0.000638
0.000019
0.002069
0.000601
0.000002
0.001923
0.000601
0.000002
0.001923
0.000572
-0.000012
0.001797
0.000572
-0.000012
0.001797
0.000541
0.000003
0.001669
0.000541
0.000003
0.001669
0.000500
0.000016
0.001531
0.000500
0.000016
0.001531
0.000462
0.000002
0.001403
0.000462
0.000002
0.001403
0.000433
-0.000010
0.001296
0.000433
-0.000010
0.001296
0.000403
0.000003
0.001188
0.000403
0.000003
0.001188
0.000362
0.000014
0.001068
0.000362
0.000014
0.001068
0.000326
0.000002
0.000959
0.000326
0.000002
0.000959
0.000302
-0.000008
0.000873
0.000302
-0.000008
0.000873
0.000275
0.000004
0.000783
0.000275
0.000004
0.000783
0.000235
0.000012
0.000673
0.000235
0.000012
0.000673
0.000201
0.000003
0.000579
0.000201
0.000003
0.000579
0.000192
-0.000003
0.000526
0.000192
-0.000003
0.000526
0.000176
0.000011
0.000458
0.000176
0.000011
0.000458
0.000134
0.000022
0.000367
0.000134
0.000022
0.000367
0.000099
0.000020
0.000275
0.000099
0.000020
0.000275
0.000058
0.000013
0.000181
0.000058
0.000013
0.000181
0.000031
0.000009
0.000114
0.000031
0.000009
0.000114
0.000017
0.000005
0.000077
0.000017
0.000005
0.000077
0.000011
0.000003
0.000056
0.000011
0.000003
0.000056
0.000008
0.000002
0.000040
0.000008
0.000002
0.000040
0.000005
0.000001
0.000027
0.000005
0.000001
0.000027
0.000003
0.000001
0.000019
0.000003
0.000001
0.000019
0.000002
0.000001
0.000013
0.000002
0.000001
0.000013
0.000001
0.000000
0.000009
0.000001
0.000000
0.000009
0.000001
0.000000
0.000006
0.000001
0.000000
0.000006
0.000001
0.000000
0.000004
0.000001
0.000000
0.000004
0.000000
0.000000
0.000002
0.000000
0.000000
0.000002
0.000000
0.000000
0.000002
0.000000
0.000000
0.000002
0.000000
0.000000
0.000000
0.000000
0.000000
0.000000
0.000000
0.000000
0.000001
0.000000
0.000000
0.000001
-0.000000
-0.000000
-0.000001
-0.000000
-0.000000
-0.000001
-0.000001
-0.000000
-0.000004
-0.000001
-0.000000
-0.000004
