0.000523
-0.000001
-0.000074
0.000523
-0.000001
-0.000074
0.001009
-0.000002
-0.000031
0.001009
-0.000002
-0.000031
0.001484
-0.000002
0.000218
0.001484
-0.000002
0.000218
0.001681
-0.000004
0.000853
0.001681
-0.000004
0.000853
0.001400
-0.000008
0.001442
0.001400
-0.000008
0.001442
0.000962
-0.000012
0.001553
0.000962
-0.000012
0.001553
0.000650
-0.000015
0.001452
0.000650
-0.000015
0.001452
0.000479
-0.000016
0.001338
0.000479
-0.000016
0.001338
0.000372
-0.000012
0.001229
0.000372
-0.000012
0.001229
0.000281
-0.000007
0.001117
0.000281
-0.000007
0.001117
0.000216
-0.000003
0.001022
0.000216
-0.000003
0.001022
0.000169
0.000000
0.000941
0.000169
0.000000
0.000941
0.000132
0.000003
0.000869
0.000132
0.000003
0.000869
0.000113
0.000004
0.000817
0.000113
0.000004
0.000817
0.000097
0.000003
0.000757
0.000097
0.000003
0.000757
0.000073
0.000000
0.000677
0.000073
0.000000
0.000677
0.000055
-0.000002
0.000608
0.000055
-0.000002
0.000608
0.000040
-0.000003
0.000550
0.000040
-0.000003
0.000550
0.000028
-0.000004
0.000491
0.000028
-0.000004
0.000491
0.000016
-0.000005
0.000429
0.000016
-0.000005
0.000429
0.000006
-0.000007
0.000375
0.000006
-0.000007
0.000375
-0.000000
-0.000008
0.000334
-0.000000
-0.000008
0.000334
-0.000005
-0.000009
0.000287
-0.000005
-0.000009
0.000287
-0.000009
-0.000010
0.000249
-0.000009
-0.000010
0.000249
-0.000010
-0.000010
0.000196
-0.000010
-0.000010
0.000196
-0.000009
-0.000006
0.000101
-0.000009
-0.000006
0.000101
-0.000019
-0.000005
0.000107
-0.000019
-0.000005
0.000107
-0.000042
-0.000009
0.000226
-0.000042
-0.000009
0.000226
-0.000058
-0.000009
0.000303
-0.000058
-0.000009
0.000303
-0.000069
-0.000008
0.000345
-0.000069
-0.000008
0.000345
-0.000089
-0.000007
0.000426
-0.000089
-0.000007
0.000426
-0.000123
-0.000005
0.000555
-0.000123
-0.000005
0.000555
-0.000161
-0.000002
0.000695
-0.000161
-0.000002
0.000695
-0.000191
0.000001
0.000797
-0.000191
0.000001
0.000797
-0.000215
0.000007
0.000876
-0.000215
0.000007
0.000876
-0.000226
0.000010
0.000968
-0.000226
0.000010
0.000968
-0.000228
0.000007
0.001023
-0.000228
0.000007
0.001023
-0.000233
0.000000
0.001029
-0.000233
0.000000
0.001029
-0.000244
-0.000007
0.001058
-0.000244
-0.000007
0.001058
-0.000244
-0.000010
0.001114
-0.000244
-0.000010
0.001114
-0.000238
-0.000007
0.001139
-0.000238
-0.000007
0.001139
-0.000241
0.000001
0.001131
-0.000241
0.000001
0.001131
-0.000250
0.000009
0.001148
-0.000250
0.000009
0.001148
-0.000248
0.000014
0.001200
-0.000248
0.000014
0.001200
-0.000240
0.000009
0.001224
-0.000240
0.000009
0.001224
-0.000244
0.000000
0.001208
-0.000244
0.000000
0.001208
-0.000254
-0.000009
0.001221
-0.000254
-0.000009
0.001221
-0.000247
-0.000014
0.001265
-0.000247
-0.000014
0.001265
-0.000234
-0.000009
0.001276
-0.000234
-0.000009
0.001276
-0.000239
0.000002
0.001253
-0.000239
0.000002
0.001253
-0.000249
0.000013
0.001259
-0.000249
0.000013
0.001259
-0.000245
0.000019
0.001308
-0.000245
0.000019
0.001308
-0.000235
0.000014
0.001327
-0.000235
0.000014
0.001327
-0.000241
0.000002
0.001304
-0.000241
0.000002
0.001304
-0.000253
-0.000009
0.001312
-0.000253
-0.000009
0.001312
-0.000246
-0.000016
0.001354
-0.000246
-0.000016
0.001354
-0.000232
-0.000010
0.001366
-0.000232
-0.000010
0.001366
-0.000238
0.000001
0.001341
-0.000238
0.000001
0.001341
-0.000249
0.000012
0.001345
-0.000249
0.000012
0.001345
-0.000245
0.000018
0.001390
-0.000245
0.000018
0.001390
-0.000236
0.000014
0.001411
-0.000236
0.000014
0.001411
-0.000242
0.000004
0.001394
-0.000242
0.000004
0.001394
-0.000252
-0.000007
0.001400
-0.000252
-0.000007
0.001400
-0.000244
-0.000013
0.001436
-0.000244
-0.000013
0.001436
-0.000231
-0.000008
0.001449
-0.000231
-0.000008
0.001449
-0.000236
0.000001
0.001433
-0.000236
0.000001
0.001433
-0.000243
0.000009
0.001436
-0.000243
0.000009
0.001436
-0.000237
0.000014
0.001470
-0.000237
0.000014
0.001470
-0.000228
0.000011
0.001489
-0.000228
0.000011
0.001489
-0.000231
0.000003
0.001479
-0.000231
0.000003
0.001479
-0.000236
-0.000005
0.001484
-0.000236
-0.000005
0.001484
-0.000228
-0.000009
0.001509
-0.000228
-0.000009
0.001509
-0.000216
-0.000006
0.001519
-0.000216
-0.000006
0.001519
-0.000217
0.000001
0.001511
-0.000217
0.000001
0.001511
-0.000220
0.000007
0.001514
-0.000220
0.000007
0.001514
-0.000214
0.000010
0.001537
-0.000214
0.000010
0.001537
-0.000205
0.000008
0.001551
-0.000205
0.000008
0.001551
-0.000206
0.000003
0.001546
-0.000206
0.000003
0.001546
-0.000207
-0.000003
0.001552
-0.000207
-0.000003
0.001552
-0.000198
-0.000006
0.001569
-0.000198
-0.000006
0.001569
-0.000188
-0.000004
0.001575
-0.000188
-0.000004
0.001575
-0.000187
0.000001
0.001571
-0.000187
0.000001
0.001571
-0.000187
0.000004
0.001575
-0.000187
0.000004
0.001575
-0.000180
0.000007
0.001591
-0.000180
0.000007
0.001591
-0.000173
0.000005
0.001599
-0.000173
0.000005
0.001599
-0.000171
0.000002
0.001598
-0.000171
0.000002
0.001598
-0.000169
-0.000000
0.001603
-0.000169
-0.000000
0.001603
-0.000161
-0.000002
0.001613
-0.000161
-0.000002
0.001613
-0.000153
-0.000001
0.001616
-0.000153
-0.000001
0.001616
-0.000149
0.000000
0.001616
-0.000149
0.000000
0.001616
-0.000146
0.000002
0.001619
-0.000146
0.000002
0.001619
-0.000140
0.000003
0.001626
-0.000140
0.000003
0.001626
-0.000134
0.000003
0.001629
-0.000134
0.000003
0.001629
-0.000129
0.000002
0.001631
-0.000129
0.000002
0.001631
-0.000125
0.000001
0.001634
-0.000125
0.000001
0.001634
-0.000118
0.000001
0.001637
-0.000118
0.000001
0.001637
-0.000112
0.000001
0.001638
-0.000112
0.000001
0.001638
-0.000106
0.000001
0.001638
-0.000106
0.000001
0.001638
-0.000100
0.000000
0.001638
-0.000100
0.000000
0.001638
-0.000094
0.000000
0.001637
-0.000094
0.000000
0.001637
-0.000089
0.000000
0.001637
-0.000089
0.000000
0.001637
-0.000082
0.000001
0.001638
-0.000082
0.000001
0.001638
-0.000075
0.000001
0.001636
-0.000075
0.000001
0.001636
-0.000070
0.000001
0.001633
-0.000070
0.000001
0.001633
-0.000004
-0.000000
0.000000
-0.000004
-0.000000
0.000000
-0.000004
-0.000000
0.000000
-0.000004
-0.000000
0.000000
-0.000004
-0.000000
0.000000
-0.000004
-0.000000
0.000000
-0.000004
-0.000000
0.000000
-0.000004
-0.000000
0.000000
-0.000004
-0.000000
0.000000
-0.000004
-0.000000
0.000000
-0.000004
-0.000000
0.000000
-0.000004
-0.000000
0.000000
-0.000004
-0.000000
0.000000
-0.000004
-0.000000
0.000000
-0.000004
-0.000000
0.000000
-0.000004
-0.000000
0.000000
-0.000004
-0.000000
0.000000
-0.000004
-0.000000
0.000000
-0.000004
-0.000000
0.000000
-0.000004
-0.000000
0.000000
-0.000004
-0.000000
0.000000
-0.000004
-0.000000
0.000000
-0.000004
-0.000000
0.000000
-0.000004
-0.000000
0.000000
-0.000003
-0.000000
0.000000
-0.000003
-0.000000
0.000000
-0.000003
-0.000000
0.000000
-0.000003
-0.000000
0.000000
-0.000003
-0.000000
0.000000
-0.000003
-0.000000
0.000000
-0.000003
-0.000000
0.000000
-0.000003
-0.000000
0.000000
-0.000003
-0.000000
0.000000
-0.000003
-0.000000
0.000000
-0.000003
-0.000000
0.000000
-0.000003
-0.000000
0.000000
-0.000003
-0.000000
0.000000
-0.000003
-0.000000
0.000000
-0.000003
-0.000000
0.000000
-0.000003
-0.000000
0.000000
-0.000003
-0.000000
0.000000
-0.000003
-0.000000
0.000000
-0.000003
-0.000000
0.000000
-0.000003
-0.000000
0.000000
-0.000004
-0.000000
0.000000
-0.000004
-0.000000
0.000000
-0.000004
-0.000000
0.000000
-0.000004
-0.000000
0.000000
-0.000006
-0.000000
0.000000
-0.000006
-0.000000
0.000000
-0.000004
-0.000000
0.000000
-0.000004
-0.000000
0.000000
-0.000013
-0.000000
0.000000
-0.000013
-0.000000
0.000000
-0.000005
-0.000000
0.000000
-0.000005
-0.000000
0.000000
0.000060
0.000000
-0.000002
0.000060
0.000000
-0.000002
0.000053
0.000000
-0.000006
0.000053
0.000000
-0.000006
-0.001131
0.000012
0.003553
-0.001131
0.000012
0.003553
-0.001235
0.000009
0.004055
-0.001235
0.000009
0.004055
-0.001156
0.000000
0.004052
-0.001156
0.000000
0.004052
-0.001070
-0.000009
0.004016
-0.001070
-0.000009
0.004016
-0.001001
-0.000013
0.003939
-0.001001
-0.000013
0.003939
-0.000941
-0.000006
0.003892
-0.000941
-0.000006
0.003892
-0.000866
0.000005
0.003875
-0.000866
0.000005
0.003875
-0.000783
0.000016
0.003813
-0.000783
0.000016
0.003813
-0.000720
0.000021
0.003718
-0.000720
0.000021
0.003718
-0.000664
0.000015
0.003647
-0.000664
0.000015
0.003647
-0.000588
0.000004
0.003586
-0.000588
0.000004
0.003586
-0.000507
-0.000007
0.003474
-0.000507
-0.000007
0.003474
-0.000448
-0.000013
0.003309
-0.000448
-0.000013
0.003309
-0.000396
-0.000008
0.003166
-0.000396
-0.000008
0.003166
-0.000327
-0.000000
0.003044
-0.000327
-0.000000
0.003044
-0.000260
0.000006
0.002869
-0.000260
0.000006
0.002869
-0.000215
0.000006
0.002649
-0.000215
0.000006
0.002649
-0.000179
-0.000004
0.002445
-0.000179
-0.000004
0.002445
-0.000136
-0.000019
0.002265
-0.000136
-0.000019
0.002265
-0.000100
-0.000033
0.002022
-0.000100
-0.000033
0.002022
-0.000132
-0.000029
0.001703
-0.000132
-0.000029
0.001703
-0.000176
0.000003
0.001535
-0.000176
0.000003
0.001535
-0.000168
0.000048
0.001544
-0.000168
0.000048
0.001544
-0.000151
0.000088
0.001442
-0.000151
0.000088
0.001442
-0.000200
0.000097
0.001205
-0.000200
0.000097
0.001205
-0.000283
0.000079
0.001177
-0.000283
0.000079
0.001177
-0.000327
0.000058
0.001370
-0.000327
0.000058
0.001370
-0.000355
0.000033
0.001471
-0.000355
0.000033
0.001471
-0.000391
0.000012
0.001486
-0.000391
0.000012
0.001486
-0.000447
0.000007
0.001588
-0.000447
0.000007
0.001588
-0.000492
0.000008
0.001766
-0.000492
0.000008
0.001766
-0.000524
0.000009
0.001913
-0.000524
0.000009
0.001913
-0.000547
0.000009
0.002031
-0.000547
0.000009
0.002031
-0.000564
0.000006
0.002144
-0.000564
0.000006
0.002144
-0.000573
0.000002
0.002236
-0.000573
0.000002
0.002236
-0.000574
-0.000003
0.002304
-0.000574
-0.000003
0.002304
-0.000582
-0.000007
0.002346
-0.000582
-0.000007
0.002346
-0.000597
-0.000004
0.002409
-0.000597
-0.000004
0.002409
-0.000601
0.000002
0.002499
-0.000601
0.000002
0.002499
-0.000599
0.000007
0.002561
-0.000599
0.000007
0.002561
-0.000602
0.000010
0.002610
-0.000602
0.000010
0.002610
-0.000608
0.000008
0.002672
-0.000608
0.000008
0.002672
-0.000604
0.000003
0.002735
-0.000604
0.000003
0.002735
-0.000595
-0.000002
0.002778
-0.000595
-0.000002
0.002778
-0.000594
-0.000005
0.002800
-0.000594
-0.000005
0.002800
-0.000598
-0.000004
0.002843
-0.000598
-0.000004
0.002843
-0.000593
0.000000
0.002905
-0.000593
0.000000
0.002905
-0.000585
0.000003
0.002950
-0.000585
0.000003
0.002950
-0.000580
0.000005
0.002992
-0.000580
0.000005
0.002992
-0.000576
0.000005
0.003038
-0.000576
0.000005
0.003038
-0.000566
0.000003
0.003079
-0.000566
0.000003
0.003079
-0.000556
0.000001
0.003113
-0.000556
0.000001
0.003113
-0.000548
-0.000000
0.003140
-0.000548
-0.000000
0.003140
-0.000541
-0.000001
0.003173
-0.000541
-0.000001
0.003173
-0.000531
-0.000001
0.003212
-0.000531
-0.000001
0.003212
-0.000522
-0.000001
0.003249
-0.000522
-0.000001
0.003249
-0.000508
-0.000001
0.003293
-0.000508
-0.000001
0.003293
-0.000494
0.000000
0.003329
-0.000494
0.000000
0.003329
-0.000482
0.000003
0.003349
-0.000482
0.000003
0.003349
-0.000471
0.000005
0.003377
-0.000471
0.000005
0.003377
-0.000455
0.000006
0.003413
-0.000455
0.000006
0.003413
-0.000438
0.000003
0.003438
-0.000438
0.000003
0.003438
-0.000426
-0.000001
0.003454
-0.000426
-0.000001
0.003454
-0.000415
-0.000006
0.003483
-0.000415
-0.000006
0.003483
-0.000394
-0.000008
0.003531
-0.000394
-0.000008
0.003531
-0.000370
-0.000005
0.003559
-0.000370
-0.000005
0.003559
-0.000357
0.000001
0.003562
-0.000357
0.000001
0.003562
-0.000346
0.000008
0.003588
-0.000346
0.000008
0.003588
-0.000313
0.000009
0.003637
-0.000313
0.000009
0.003637
-0.000277
-0.000001
0.003650
-0.000277
-0.000001
0.003650
-0.000261
-0.000018
0.003625
-0.000261
-0.000018
0.003625
-0.000247
-0.000037
0.003634
-0.000247
-0.000037
0.003634
-0.000194
-0.000049
0.003673
-0.000194
-0.000049
0.003673
-0.000139
-0.000043
0.003644
-0.000139
-0.000043
0.003644
-0.000125
-0.000031
0.003554
-0.000125
-0.000031
0.003554
-0.001013
0.000009
0.003054
-0.001013
0.000009
0.003054
-0.001063
0.000006
0.003063
-0.001063
0.000006
0.003063
-0.001111
0.000003
0.003062
-0.001111
0.000003
0.003062
-0.001157
-0.000000
0.003050
-0.001157
-0.000000
0.003050
-0.001199
-0.000002
0.003045
-0.001199
-0.000002
0.003045
-0.001246
-0.000002
0.003047
-0.001246
-0.000002
0.003047
-0.001298
-0.000000
0.003038
-0.001298
-0.000000
0.003038
-0.001349
0.000001
0.003020
-0.001349
0.000001
0.003020
-0.001399
0.000003
0.002996
-0.001399
0.000003
0.002996
-0.001443
0.000003
0.002959
-0.001443
0.000003
0.002959
-0.001488
0.000003
0.002920
-0.001488
0.000003
0.002920
-0.001542
0.000002
0.002885
-0.001542
0.000002
0.002885
-0.001594
0.000002
0.002839
-0.001594
0.000002
0.002839
-0.001645
0.000002
0.002785
-0.001645
0.000002
0.002785
-0.001696
0.000002
0.002724
-0.001696
0.000002
0.002724
-0.001747
0.000003
0.002654
-0.001747
0.000003
0.002654
-0.001795
0.000004
0.002568
-0.001795
0.000004
0.002568
-0.001838
0.000004
0.002465
-0.001838
0.000004
0.002465
-0.001873
0.000005
0.002342
-0.001873
0.000005
0.002342
-0.001881
0.000005
0.002182
-0.001881
0.000005
0.002182
-0.001871
0.000004
0.001994
-0.001871
0.000004
0.001994
-0.001848
0.000004
0.001792
-0.001848
0.000004
0.001792
-0.001782
0.000004
0.001552
-0.001782
0.000004
0.001552
-0.001658
0.000003
0.001275
-0.001658
0.000003
0.001275
-0.001449
0.000003
0.000963
-0.001449
0.000003
0.000963
-0.001136
0.000003
0.000632
-0.001136
0.000003
0.000632
-0.000678
0.000002
0.000307
-0.000678
0.000002
0.000307
-0.000064
0.000000
0.000041
-0.000064
0.000000
0.000041
0.000010
-0.000000
-0.000003
0.000010
-0.000000
-0.000003
0.000012
0.000000
-0.000000
0.000012
0.000000
-0.000000
-0.000004
-0.000000
0.000000
-0.000004
-0.000000
0.000000
-0.000006
-0.000000
0.000000
-0.000006
-0.000000
0.000000
-0.000003
-0.000000
0.000000
-0.000003
-0.000000
0.000000
-0.000003
-0.000000
0.000000
-0.000003
-0.000000
0.000000
-0.000003
-0.000000
0.000000
-0.000003
-0.000000
0.000000
-0.000003
-0.000000
0.000000
-0.000003
-0.000000
0.000000
-0.000002
-0.000000
0.000000
-0.000002
-0.000000
0.000000
-0.000002
-0.000000
0.000000
-0.000002
-0.000000
0.000000
-0.000002
-0.000000
0.000000
-0.000002
-0.000000
0.000000
-0.000002
-0.000000
0.000000
-0.000002
-0.000000
0.000000
-0.000002
-0.000000
0.000000
-0.000002
-0.000000
0.000000
-0.000002
-0.000000
0.000000
-0.000002
-0.000000
0.000000
-0.000002
-0.000000
0.000000
-0.000002
-0.000000
0.000000
-0.000002
-0.000000
0.000000
-0.000002
-0.000000
0.000000
-0.000002
-0.000000
0.000000
-0.000002
-0.000000
0.000000
-0.000002
-0.000000
0.000000
-0.000002
-0.000000
0.000000
-0.000002
-0.000000
0.000000
-0.000002
-0.000000
0.000000
-0.000002
-0.000000
0.000000
-0.000002
-0.000000
0.000000
-0.000003
-0.000000
0.000000
-0.000003
-0.000000
0.000000
-0.000003
-0.000000
0.000000
-0.000003
-0.000000
0.000000
-0.000003
-0.000000
0.000000
-0.000003
-0.000000
0.000000
-0.000003
-0.000000
0.000000
-0.000003
-0.000000
0.000000
-0.000003
-0.000000
0.000000
-0.000003
-0.000000
0.000000
-0.000003
-0.000000
0.000000
-0.000003
-0.000000
0.000000
-0.000004
-0.000000
0.000000
-0.000004
-0.000000
0.000000
-0.000004
-0.000000
0.000000
-0.000004
-0.000000
0.000000
-0.000004
-0.000000
0.000000
-0.000004
-0.000000
0.000000
-0.000070
-0.000001
0.001796
-0.000070
-0.000001
0.001796
-0.000072
-0.000005
0.002152
-0.000072
-0.000005
0.002152
-0.000083
-0.000008
0.002547
-0.000083
-0.000008
0.002547
-0.000082
-0.000002
0.002763
-0.000082
-0.000002
0.002763
-0.000058
0.000008
0.002774
-0.000058
0.000008
0.002774
-0.000046
0.000013
0.002759
-0.000046
0.000013
0.002759
-0.000033
0.000007
0.002750
-0.000033
0.000007
0.002750
-0.000005
-0.000006
0.002753
-0.000005
-0.000006
0.002753
0.000002
-0.000012
0.002719
0.000002
-0.000012
0.002719
0.000010
-0.000003
0.002702
0.000010
-0.000003
0.002702
0.000042
0.000014
0.002709
0.000042
0.000014
0.002709
0.000050
0.000022
0.002676
0.000050
0.000022
0.002676
0.000059
0.000012
0.002659
0.000059
0.000012
0.002659
0.000093
-0.000008
0.002659
0.000093
-0.000008
0.002659
0.000094
-0.000018
0.002604
0.000094
-0.000018
0.002604
0.000097
-0.000006
0.002575
0.000097
-0.000006
0.002575
0.000133
0.000017
0.002583
0.000133
0.000017
0.002583
0.000136
0.000027
0.002535
0.000136
0.000027
0.002535
0.000140
0.000015
0.002508
0.000140
0.000015
0.002508
0.000177
-0.000009
0.002506
0.000177
-0.000009
0.002506
0.000172
-0.000021
0.002434
0.000172
-0.000021
0.002434
0.000169
-0.000007
0.002396
0.000169
-0.000007
0.002396
0.000207
0.000018
0.002405
0.000207
0.000018
0.002405
0.000205
0.000029
0.002343
0.000205
0.000029
0.002343
0.000205
0.000016
0.002304
0.000205
0.000016
0.002304
0.000241
-0.000010
0.002301
0.000241
-0.000010
0.002301
0.000230
-0.000022
0.002216
0.000230
-0.000022
0.002216
0.000223
-0.000008
0.002167
0.000223
-0.000008
0.002167
0.000259
0.000018
0.002171
0.000259
0.000018
0.002171
0.000251
0.000030
0.002091
0.000251
0.000030
0.002091
0.000246
0.000016
0.002042
0.000246
0.000016
0.002042
0.000279
-0.000010
0.002033
0.000279
-0.000010
0.002033
0.000261
-0.000021
0.001924
0.000261
-0.000021
0.001924
0.000248
-0.000007
0.001861
0.000248
-0.000007
0.001861
0.000280
0.000018
0.001862
0.000280
0.000018
0.001862
0.000264
0.000029
0.001756
0.000264
0.000029
0.001756
0.000252
0.000015
0.001689
0.000252
0.000015
0.001689
0.000280
-0.000009
0.001673
0.000280
-0.000009
0.001673
0.000251
-0.000020
0.001534
0.000251
-0.000020
0.001534
0.000231
-0.000006
0.001455
0.000231
-0.000006
0.001455
0.000259
0.000018
0.001454
0.000259
0.000018
0.001454
0.000230
0.000027
0.001307
0.000230
0.000027
0.001307
0.000210
0.000013
0.001217
0.000210
0.000013
0.001217
0.000230
-0.000009
0.001193
0.000230
-0.000009
0.001193
0.000184
-0.000016
0.000987
0.000184
-0.000016
0.000987
0.000154
-0.000003
0.000873
0.000154
-0.000003
0.000873
0.000172
0.000015
0.000869
0.000172
0.000015
0.000869
0.000124
0.000018
0.000629
0.000124
0.000018
0.000629
0.000087
0.000007
0.000467
0.000087
0.000007
0.000467
0.000079
-0.000002
0.000382
0.000079
-0.000002
0.000382
0.000004
-0.000001
-0.000051
0.000004
-0.000001
-0.000051
-0.000033
-0.000000
-0.000232
-0.000033
-0.000000
-0.000232
-0.000039
-0.000020
-0.000228
-0.000039
-0.000020
-0.000228
-0.000046
-0.000081
-0.000726
-0.000046
-0.000081
-0.000726
-0.000023
-0.000083
-0.000813
-0.000023
-0.000083
-0.000813
-0.000011
-0.000023
-0.000315
-0.000011
-0.000023
-0.000315
-0.000004
-0.000007
-0.000139
-0.000004
-0.000007
-0.000139
-0.000003
-0.000006
-0.000140
-0.000003
-0.000006
-0.000140
-0.000002
-0.000004
-0.000079
-0.000002
-0.000004
-0.000079
-0.000001
-0.000002
-0.000050
-0.000001
-0.000002
-0.000050
-0.000001
-0.000002
-0.000035
-0.000001
-0.000002
-0.000035
-0.000000
-0.000001
-0.000024
-0.000000
-0.000001
-0.000024
-0.000000
-0.000001
-0.000016
-0.000000
-0.000001
-0.000016
-0.000000
-0.000000
-0.000011
-0.000000
-0.000000
-0.000011
-0.000000
-0.000000
-0.000008
-0.000000
-0.000000
-0.000008
-0.000000
-0.000000
-0.000006
-0.000000
-0.000000
-0.000006
0.000000
-0.000000
-0.000004
0.000000
-0.000000
-0.000004
0.000000
-0.000000
-0.000003
0.000000
-0.000000
-0.000003
0.000000
-0.000000
-0.000003
0.000000
-0.000000
-0.000003
-0.000000
0.000000
0.000001
-0.000000
0.000000
0.000001
0.000000
-0.000000
-0.000003
0.000000
-0.000000
-0.000003
-0.000000
0.000000
0.000010
-0.000000
0.000000
0.000010
-0.000000
0.000000
0.000011
-0.000000
0.000000
0.000011
-0.000127
-0.000023
0.003849
-0.000127
-0.000023
0.003849
-0.000139
-0.000021
0.004595
-0.000139
-0.000021
0.004595
-0.000154
-0.000026
0.005468
-0.000154
-0.000026
0.005468
-0.000165
-0.000039
0.006125
-0.000165
-0.000039
0.006125
-0.000111
-0.000040
0.006356
-0.000111
-0.000040
0.006356
-0.000048
-0.000005
0.006404
-0.000048
-0.000005
0.006404
0.000026
0.000023
0.006410
0.000026
0.000023
0.006410
0.000099
-0.000001
0.006403
0.000099
-0.000001
0.006403
0.000175
-0.000025
0.006372
0.000175
-0.000025
0.006372
0.000247
0.000003
0.006323
0.000247
0.000003
0.006323
0.000314
0.000030
0.006259
0.000314
0.000030
0.006259
0.000377
0.000000
0.006192
0.000377
0.000000
0.006192
0.000446
-0.000027
0.006116
0.000446
-0.000027
0.006116
0.000510
0.000004
0.006021
0.000510
0.000004
0.006021
0.000565
0.000032
0.005911
0.000565
0.000032
0.005911
0.000616
0.000002
0.005800
0.000616
0.000002
0.005800
0.000671
-0.000027
0.005683
0.000671
-0.000027
0.005683
0.000720
0.000004
0.005550
0.000720
0.000004
0.005550
0.000756
0.000033
0.005406
0.000756
0.000033
0.005406
0.000789
0.000003
0.005260
0.000789
0.000003
0.005260
0.000824
-0.000026
0.005110
0.000824
-0.000026
0.005110
0.000853
0.000003
0.004949
0.000853
0.000003
0.004949
0.000868
0.000031
0.004778
0.000868
0.000031
0.004778
0.000880
0.000003
0.004609
0.000880
0.000003
0.004609
0.000893
-0.000024
0.004442
0.000893
-0.000024
0.004442
0.000902
0.000003
0.004265
0.000902
0.000003
0.004265
0.000895
0.000028
0.004080
0.000895
0.000028
0.004080
0.000888
0.000003
0.003899
0.000888
0.000003
0.003899
0.000882
-0.000021
0.003727
0.000882
-0.000021
0.003727
0.000872
0.000003
0.003548
0.000872
0.000003
0.003548
0.000849
0.000025
0.003361
0.000849
0.000025
0.003361
0.000825
0.000003
0.003182
0.000825
0.000003
0.003182
0.000805
-0.000017
0.003015
0.000805
-0.000017
0.003015
0.000782
0.000003
0.002844
0.000782
0.000003
0.002844
0.000747
0.000021
0.002668
0.000747
0.000021
0.002668
0.000714
0.000003
0.002501
0.000714
0.000003
0.002501
0.000685
-0.000014
0.002348
0.000685
-0.000014
0.002348
0.000655
0.000003
0.002193
0.000655
0.000003
0.002193
0.000613
0.000017
0.002031
0.000613
0.000017
0.002031
0.000575
0.000002
0.001878
0.000575
0.000002
0.001878
0.000543
-0.000011
0.001743
0.000543
-0.000011
0.001743
0.000510
0.000003
0.001606
0.000510
0.000003
0.001606
0.000466
0.000015
0.001460
0.000466
0.000015
0.001460
0.000426
0.000002
0.001325
0.000426
0.000002
0.001325
0.000394
-0.000009
0.001209
0.000394
-0.000009
0.001209
0.000362
0.000002
0.001092
0.000362
0.000002
0.001092
0.000320
0.000012
0.000966
0.000320
0.000012
0.000966
0.000283
0.000002
0.000850
0.000283
0.000002
0.000850
0.000256
-0.000006
0.000755
0.000256
-0.000006
0.000755
0.000227
0.000003
0.000658
0.000227
0.000003
0.000658
0.000186
0.000010
0.000544
0.000186
0.000010
0.000544
0.000152
0.000002
0.000445
0.000152
0.000002
0.000445
0.000139
-0.000002
0.000388
0.000139
-0.000002
0.000388
0.000120
0.000007
0.000316
0.000120
0.000007
0.000316
0.000081
0.000013
0.000225
0.000081
0.000013
0.000225
0.000051
0.000010
0.000144
0.000051
0.000010
0.000144
0.000022
0.000005
0.000069
0.000022
0.000005
0.000069
0.000006
0.000002
0.000022
0.000006
0.000002
0.000022
0.000001
0.000000
0.000002
0.000001
0.000000
0.000002
-0.000001
-0.000000
-0.000003
-0.000001
-0.000000
-0.000003
-0.000001
-0.000000
-0.000007
-0.000001
-0.000000
-0.000007
-0.000002
-0.000001
-0.000011
-0.000002
-0.000001
-0.000011
-0.000002
-0.000001
-0.000012
-0.000002
-0.000001
-0.000012
-0.000002
-0.000001
-0.000012
-0.000002
-0.000001
-0.000012
-0.000002
-0.000001
-0.000011
-0.000002
-0.000001
-0.000011
-0.000002
-0.000000
-0.000010
-0.000002
-0.000000
-0.000010
-0.000001
-0.000000
-0.000009
-0.000001
-0.000000
-0.000009
-0.000001
-0.000000
-0.000008
-0.000001
-0.000000
-0.000008
-0.000001
-0.000000
-0.000007
-0.000001
-0.000000
-0.000007
-0.000001
-0.000000
-0.000007
-0.000001
-0.000000
-0.000007
-0.000001
-0.000000
-0.000004
-0.000001
-0.000000
-0.000004
-0.000001
-0.000000
-0.000007
-0.000001
-0.000000
-0.000007
-0.000001
-0.000000
-0.000008
-0.000001
-0.000000
-0.000008
