0.000376
-0.000001
-0.000048
0.000376
-0.000001
-0.000048
0.000884
-0.000001
-0.000024
0.000884
-0.000001
-0.000024
0.001380
-0.000002
0.000206
0.001380
-0.000002
0.000206
0.001628
-0.000004
0.000835
0.001628
-0.000004
0.000835
0.001400
-0.000008
0.001447
0.001400
-0.000008
0.001447
0.000982
-0.000012
0.001586
0.000982
-0.000012
0.001586
0.000671
-0.000015
0.001497
0.000671
-0.000015
0.001497
0.000497
-0.000016
0.001386
0.000497
-0.000016
0.001386
0.000387
-0.000012
0.001278
0.000387
-0.000012
0.001278
0.000294
-0.000007
0.001166
0.000294
-0.000007
0.001166
0.000227
-0.000003
0.001069
0.000227
-0.000003
0.001069
0.000177
0.000000
0.000987
0.000177
0.000000
0.000987
0.000139
0.000003
0.000912
0.000139
0.000003
0.000912
0.000119
0.000004
0.000858
0.000119
0.000004
0.000858
0.000102
0.000003
0.000796
0.000102
0.000003
0.000796
0.000078
0.000000
0.000716
0.000078
0.000000
0.000716
0.000058
-0.000002
0.000646
0.000058
-0.000002
0.000646
0.000043
-0.000003
0.000586
0.000043
-0.000003
0.000586
0.000030
-0.000005
0.000528
0.000030
-0.000005
0.000528
0.000017
-0.000006
0.000465
0.000017
-0.000006
0.000465
0.000007
-0.000007
0.000409
0.000007
-0.000007
0.000409
-0.000000
-0.000009
0.000367
-0.000000
-0.000009
0.000367
-0.000005
-0.000010
0.000320
-0.000005
-0.000010
0.000320
-0.000010
-0.000012
0.000281
-0.000010
-0.000012
0.000281
-0.000012
-0.000012
0.000227
-0.000012
-0.000012
0.000227
-0.000012
-0.000008
0.000131
-0.000012
-0.000008
0.000131
-0.000024
-0.000007
0.000137
-0.000024
-0.000007
0.000137
-0.000047
-0.000010
0.000256
-0.000047
-0.000010
0.000256
-0.000064
-0.000011
0.000331
-0.000064
-0.000011
0.000331
-0.000075
-0.000009
0.000372
-0.000075
-0.000009
0.000372
-0.000097
-0.000007
0.000458
-0.000097
-0.000007
0.000458
-0.000133
-0.000005
0.000592
-0.000133
-0.000005
0.000592
-0.000172
-0.000002
0.000733
-0.000172
-0.000002
0.000733
-0.000202
0.000002
0.000836
-0.000202
0.000002
0.000836
-0.000227
0.000007
0.000916
-0.000227
0.000007
0.000916
-0.000238
0.000011
0.001007
-0.000238
0.000011
0.001007
-0.000240
0.000007
0.001060
-0.000240
0.000007
0.001060
-0.000244
0.000000
0.001063
-0.000244
0.000000
0.001063
-0.000254
-0.000007
0.001090
-0.000254
-0.000007
0.001090
-0.000254
-0.000011
0.001144
-0.000254
-0.000011
0.001144
-0.000247
-0.000007
0.001166
-0.000247
-0.000007
0.001166
-0.000249
0.000001
0.001153
-0.000249
0.000001
0.001153
-0.000257
0.000010
0.001165
-0.000257
0.000010
0.001165
-0.000254
0.000014
0.001214
-0.000254
0.000014
0.001214
-0.000246
0.000010
0.001236
-0.000246
0.000010
0.001236
-0.000249
0.000000
0.001216
-0.000249
0.000000
0.001216
-0.000258
-0.000009
0.001222
-0.000258
-0.000009
0.001222
-0.000250
-0.000014
0.001263
-0.000250
-0.000014
0.001263
-0.000237
-0.000009
0.001273
-0.000237
-0.000009
0.001273
-0.000241
0.000002
0.001244
-0.000241
0.000002
0.001244
-0.000250
0.000013
0.001244
-0.000250
0.000013
0.001244
-0.000245
0.000019
0.001289
-0.000245
0.000019
0.001289
-0.000235
0.000013
0.001306
-0.000235
0.000013
0.001306
-0.000241
0.000002
0.001279
-0.000241
0.000002
0.001279
-0.000252
-0.000009
0.001282
-0.000252
-0.000009
0.001282
-0.000244
-0.000015
0.001321
-0.000244
-0.000015
0.001321
-0.000231
-0.000010
0.001330
-0.000231
-0.000010
0.001330
-0.000236
0.000001
0.001303
-0.000236
0.000001
0.001303
-0.000247
0.000012
0.001304
-0.000247
0.000012
0.001304
-0.000242
0.000018
0.001346
-0.000242
0.000018
0.001346
-0.000233
0.000013
0.001365
-0.000233
0.000013
0.001365
-0.000239
0.000004
0.001346
-0.000239
0.000004
0.001346
-0.000249
-0.000006
0.001352
-0.000249
-0.000006
0.001352
-0.000241
-0.000012
0.001386
-0.000241
-0.000012
0.001386
-0.000229
-0.000008
0.001396
-0.000229
-0.000008
0.001396
-0.000233
0.000001
0.001380
-0.000233
0.000001
0.001380
-0.000240
0.000009
0.001384
-0.000240
0.000009
0.001384
-0.000234
0.000014
0.001417
-0.000234
0.000014
0.001417
-0.000226
0.000010
0.001433
-0.000226
0.000010
0.001433
-0.000229
0.000003
0.001423
-0.000229
0.000003
0.001423
-0.000234
-0.000004
0.001429
-0.000234
-0.000004
0.001429
-0.000225
-0.000009
0.001453
-0.000225
-0.000009
0.001453
-0.000214
-0.000006
0.001461
-0.000214
-0.000006
0.001461
-0.000215
0.000001
0.001452
-0.000215
0.000001
0.001452
-0.000218
0.000006
0.001455
-0.000218
0.000006
0.001455
-0.000212
0.000010
0.001477
-0.000212
0.000010
0.001477
-0.000204
0.000008
0.001489
-0.000204
0.000008
0.001489
-0.000204
0.000003
0.001484
-0.000204
0.000003
0.001484
-0.000205
-0.000002
0.001489
-0.000205
-0.000002
0.001489
-0.000197
-0.000005
0.001503
-0.000197
-0.000005
0.001503
-0.000186
-0.000003
0.001509
-0.000186
-0.000003
0.001509
-0.000185
0.000001
0.001504
-0.000185
0.000001
0.001504
-0.000184
0.000004
0.001506
-0.000184
0.000004
0.001506
-0.000178
0.000006
0.001519
-0.000178
0.000006
0.001519
-0.000171
0.000005
0.001526
-0.000171
0.000005
0.001526
-0.000169
0.000002
0.001525
-0.000169
0.000002
0.001525
-0.000167
-0.000000
0.001528
-0.000167
-0.000000
0.001528
-0.000159
-0.000002
0.001536
-0.000159
-0.000002
0.001536
-0.000151
-0.000001
0.001539
-0.000151
-0.000001
0.001539
-0.000147
0.000000
0.001537
-0.000147
0.000000
0.001537
-0.000144
0.000002
0.001539
-0.000144
0.000002
0.001539
-0.000138
0.000003
0.001545
-0.000138
0.000003
0.001545
-0.000132
0.000003
0.001548
-0.000132
0.000003
0.001548
-0.000127
0.000002
0.001549
-0.000127
0.000002
0.001549
-0.000123
0.000001
0.001552
-0.000123
0.000001
0.001552
-0.000117
0.000001
0.001555
-0.000117
0.000001
0.001555
-0.000110
0.000001
0.001555
-0.000110
0.000001
0.001555
-0.000104
0.000000
0.001556
-0.000104
0.000000
0.001556
-0.000098
0.000000
0.001557
-0.000098
0.000000
0.001557
-0.000093
-0.000000
0.001557
-0.000093
-0.000000
0.001557
-0.000088
0.000000
0.001557
-0.000088
0.000000
0.001557
-0.000081
0.000001
0.001558
-0.000081
0.000001
0.001558
-0.000074
0.000001
0.001558
-0.000074
0.000001
0.001558
-0.000069
0.000001
0.001556
-0.000069
0.000001
0.001556
-0.000000
-0.000000
0.000000
-0.000000
-0.000000
0.000000
-0.000000
-0.000000
0.000000
-0.000000
-0.000000
0.000000
-0.000001
-0.000000
0.000000
-0.000001
-0.000000
0.000000
-0.000001
-0.000000
0.000000
-0.000001
-0.000000
0.000000
-0.000001
-0.000000
0.000000
-0.000001
-0.000000
0.000000
-0.000001
-0.000000
0.000000
-0.000001
-0.000000
0.000000
-0.000001
-0.000000
0.000000
-0.000001
-0.000000
0.000000
-0.000000
-0.000000
0.000000
-0.000000
-0.000000
0.000000
-0.000000
-0.000000
0.000000
-0.000000
-0.000000
0.000000
-0.000000
-0.000000
0.000000
-0.000000
-0.000000
0.000000
-0.000000
-0.000000
0.000000
-0.000000
-0.000000
0.000000
-0.000000
-0.000000
0.000000
-0.000000
-0.000000
0.000000
-0.000000
-0.000000
0.000000
-0.000000
-0.000000
0.000000
-0.000000
-0.000000
0.000000
-0.000000
-0.000000
0.000000
-0.000000
-0.000000
0.000000
-0.000000
-0.000000
0.000000
0.000000
0.000000
-0.000000
0.000000
0.000000
-0.000000
0.000000
0.000000
-0.000000
0.000000
0.000000
-0.000000
0.000000
0.000000
-0.000000
0.000000
0.000000
-0.000000
0.000000
0.000000
-0.000000
0.000000
0.000000
-0.000000
0.000000
0.000000
-0.000000
0.000000
0.000000
-0.000000
0.000000
0.000000
-0.000000
0.000000
0.000000
-0.000000
-0.000000
-0.000000
0.000000
-0.000000
-0.000000
0.000000
-0.000001
-0.000000
0.000000
-0.000001
-0.000000
0.000000
-0.000001
-0.000000
0.000000
-0.000001
-0.000000
0.000000
-0.000003
-0.000000
0.000000
-0.000003
-0.000000
0.000000
-0.000001
-0.000000
0.000000
-0.000001
-0.000000
0.000000
-0.000010
-0.000000
0.000000
-0.000010
-0.000000
0.000000
-0.000002
-0.000000
0.000000
-0.000002
-0.000000
0.000000
0.000070
0.000000
-0.000002
0.000070
0.000000
-0.000002
0.000061
-0.000000
-0.000009
0.000061
-0.000000
-0.000009
-0.001157
0.000012
0.003630
-0.001157
0.000012
0.003630
-0.001262
0.000009
0.004141
-0.001262
0.000009
0.004141
-0.001180
0.000000
0.004134
-0.001180
0.000000
0.004134
-0.001092
-0.000009
0.004094
-0.001092
-0.000009
0.004094
-0.001021
-0.000013
0.004014
-0.001021
-0.000013
0.004014
-0.000960
-0.000006
0.003964
-0.000960
-0.000006
0.003964
-0.000883
0.000006
0.003945
-0.000883
0.000006
0.003945
-0.000797
0.000017
0.003878
-0.000797
0.000017
0.003878
-0.000733
0.000022
0.003780
-0.000733
0.000022
0.003780
-0.000675
0.000015
0.003706
-0.000675
0.000015
0.003706
-0.000597
0.000004
0.003640
-0.000597
0.000004
0.003640
-0.000515
-0.000007
0.003523
-0.000515
-0.000007
0.003523
-0.000454
-0.000013
0.003354
-0.000454
-0.000013
0.003354
-0.000401
-0.000009
0.003208
-0.000401
-0.000009
0.003208
-0.000332
-0.000000
0.003082
-0.000332
-0.000000
0.003082
-0.000264
0.000006
0.002902
-0.000264
0.000006
0.002902
-0.000218
0.000006
0.002683
-0.000218
0.000006
0.002683
-0.000182
-0.000004
0.002481
-0.000182
-0.000004
0.002481
-0.000139
-0.000019
0.002305
-0.000139
-0.000019
0.002305
-0.000103
-0.000034
0.002070
-0.000103
-0.000034
0.002070
-0.000139
-0.000031
0.001763
-0.000139
-0.000031
0.001763
-0.000186
0.000003
0.001601
-0.000186
0.000003
0.001601
-0.000179
0.000051
0.001612
-0.000179
0.000051
0.001612
-0.000162
0.000094
0.001520
-0.000162
0.000094
0.001520
-0.000221
0.000106
0.001296
-0.000221
0.000106
0.001296
-0.000310
0.000087
0.001263
-0.000310
0.000087
0.001263
-0.000352
0.000063
0.001441
-0.000352
0.000063
0.001441
-0.000380
0.000035
0.001538
-0.000380
0.000035
0.001538
-0.000418
0.000013
0.001552
-0.000418
0.000013
0.001552
-0.000475
0.000007
0.001649
-0.000475
0.000007
0.001649
-0.000521
0.000009
0.001824
-0.000521
0.000009
0.001824
-0.000554
0.000010
0.001971
-0.000554
0.000010
0.001971
-0.000577
0.000009
0.002091
-0.000577
0.000009
0.002091
-0.000595
0.000006
0.002204
-0.000595
0.000006
0.002204
-0.000604
0.000002
0.002299
-0.000604
0.000002
0.002299
-0.000607
-0.000003
0.002373
-0.000607
-0.000003
0.002373
-0.000617
-0.000007
0.002417
-0.000617
-0.000007
0.002417
-0.000632
-0.000004
0.002482
-0.000632
-0.000004
0.002482
-0.000637
0.000002
0.002574
-0.000637
0.000002
0.002574
-0.000635
0.000008
0.002640
-0.000635
0.000008
0.002640
-0.000639
0.000010
0.002692
-0.000639
0.000010
0.002692
-0.000645
0.000008
0.002756
-0.000645
0.000008
0.002756
-0.000642
0.000004
0.002821
-0.000642
0.000004
0.002821
-0.000633
-0.000002
0.002868
-0.000633
-0.000002
0.002868
-0.000633
-0.000005
0.002893
-0.000633
-0.000005
0.002893
-0.000637
-0.000004
0.002937
-0.000637
-0.000004
0.002937
-0.000632
0.000000
0.003000
-0.000632
0.000000
0.003000
-0.000624
0.000003
0.003049
-0.000624
0.000003
0.003049
-0.000619
0.000005
0.003094
-0.000619
0.000005
0.003094
-0.000615
0.000005
0.003143
-0.000615
0.000005
0.003143
-0.000605
0.000003
0.003186
-0.000605
0.000003
0.003186
-0.000594
0.000001
0.003222
-0.000594
0.000001
0.003222
-0.000586
-0.000000
0.003251
-0.000586
-0.000000
0.003251
-0.000579
-0.000000
0.003287
-0.000579
-0.000000
0.003287
-0.000569
-0.000001
0.003326
-0.000569
-0.000001
0.003326
-0.000558
-0.000001
0.003364
-0.000558
-0.000001
0.003364
-0.000544
-0.000002
0.003411
-0.000544
-0.000002
0.003411
-0.000529
0.000000
0.003450
-0.000529
0.000000
0.003450
-0.000516
0.000003
0.003470
-0.000516
0.000003
0.003470
-0.000505
0.000006
0.003498
-0.000505
0.000006
0.003498
-0.000487
0.000006
0.003536
-0.000487
0.000006
0.003536
-0.000469
0.000004
0.003564
-0.000469
0.000004
0.003564
-0.000456
-0.000001
0.003580
-0.000456
-0.000001
0.003580
-0.000445
-0.000006
0.003609
-0.000445
-0.000006
0.003609
-0.000422
-0.000009
0.003660
-0.000422
-0.000009
0.003660
-0.000397
-0.000005
0.003691
-0.000397
-0.000005
0.003691
-0.000383
0.000001
0.003693
-0.000383
0.000001
0.003693
-0.000370
0.000009
0.003719
-0.000370
0.000009
0.003719
-0.000336
0.000010
0.003771
-0.000336
0.000010
0.003771
-0.000297
-0.000001
0.003787
-0.000297
-0.000001
0.003787
-0.000280
-0.000019
0.003760
-0.000280
-0.000019
0.003760
-0.000265
-0.000039
0.003768
-0.000265
-0.000039
0.003768
-0.000208
-0.000052
0.003808
-0.000208
-0.000052
0.003808
-0.000149
-0.000046
0.003776
-0.000149
-0.000046
0.003776
-0.000135
-0.000032
0.003676
-0.000135
-0.000032
0.003676
-0.001036
0.000009
0.003122
-0.001036
0.000009
0.003122
-0.001088
0.000006
0.003133
-0.001088
0.000006
0.003133
-0.001138
0.000003
0.003134
-0.001138
0.000003
0.003134
-0.001186
-0.000000
0.003124
-0.001186
-0.000000
0.003124
-0.001230
-0.000002
0.003121
-0.001230
-0.000002
0.003121
-0.001279
-0.000002
0.003124
-0.001279
-0.000002
0.003124
-0.001334
-0.000000
0.003118
-0.001334
-0.000000
0.003118
-0.001387
0.000001
0.003102
-0.001387
0.000001
0.003102
-0.001439
0.000002
0.003080
-0.001439
0.000002
0.003080
-0.001486
0.000003
0.003045
-0.001486
0.000003
0.003045
-0.001534
0.000003
0.003008
-0.001534
0.000003
0.003008
-0.001591
0.000002
0.002975
-0.001591
0.000002
0.002975
-0.001647
0.000002
0.002932
-0.001647
0.000002
0.002932
-0.001703
0.000002
0.002880
-0.001703
0.000002
0.002880
-0.001758
0.000002
0.002822
-0.001758
0.000002
0.002822
-0.001814
0.000003
0.002754
-0.001814
0.000003
0.002754
-0.001868
0.000004
0.002670
-0.001868
0.000004
0.002670
-0.001917
0.000004
0.002568
-0.001917
0.000004
0.002568
-0.001959
0.000004
0.002448
-0.001959
0.000004
0.002448
-0.001975
0.000004
0.002288
-0.001975
0.000004
0.002288
-0.001973
0.000004
0.002101
-0.001973
0.000004
0.002101
-0.001959
0.000004
0.001897
-0.001959
0.000004
0.001897
-0.001904
0.000004
0.001656
-0.001904
0.000004
0.001656
-0.001791
0.000004
0.001376
-0.001791
0.000004
0.001376
-0.001593
0.000003
0.001057
-0.001593
0.000003
0.001057
-0.001291
0.000003
0.000716
-0.001291
0.000003
0.000716
-0.000840
0.000002
0.000377
-0.000840
0.000002
0.000377
-0.000228
0.000001
0.000091
-0.000228
0.000001
0.000091
0.000004
-0.000000
-0.000001
0.000004
-0.000000
-0.000001
0.000005
0.000000
-0.000000
0.000005
0.000000
-0.000000
0.000000
0.000000
-0.000000
0.000000
0.000000
-0.000000
-0.000000
-0.000000
0.000000
-0.000000
-0.000000
0.000000
0.000001
0.000000
-0.000000
0.000001
0.000000
-0.000000
0.000000
0.000000
-0.000000
0.000000
0.000000
-0.000000
0.000001
0.000000
-0.000000
0.000001
0.000000
-0.000000
0.000001
0.000000
-0.000000
0.000001
0.000000
-0.000000
0.000001
0.000000
-0.000000
0.000001
0.000000
-0.000000
0.000001
0.000000
-0.000000
0.000001
0.000000
-0.000000
0.000001
0.000000
-0.000000
0.000001
0.000000
-0.000000
0.000001
0.000000
-0.000000
0.000001
0.000000
-0.000000
0.000001
0.000000
-0.000000
0.000001
0.000000
-0.000000
0.000001
0.000000
-0.000000
0.000001
0.000000
-0.000000
0.000001
0.000000
-0.000000
0.000001
0.000000
-0.000000
0.000001
0.000000
-0.000000
0.000001
0.000000
-0.000000
0.000001
0.000000
-0.000000
0.000001
0.000000
-0.000000
0.000001
0.000000
-0.000000
0.000001
0.000000
-0.000000
0.000000
0.000000
-0.000000
0.000000
0.000000
-0.000000
0.000000
0.000000
-0.000000
0.000000
0.000000
-0.000000
0.000000
0.000000
-0.000000
0.000000
0.000000
-0.000000
0.000000
0.000000
-0.000000
0.000000
0.000000
-0.000000
0.000000
0.000000
-0.000000
0.000000
0.000000
-0.000000
-0.000000
-0.000000
0.000000
-0.000000
-0.000000
0.000000
-0.000000
-0.000000
0.000000
-0.000000
-0.000000
0.000000
-0.000000
-0.000000
0.000000
-0.000000
-0.000000
0.000000
-0.000000
-0.000000
0.000000
-0.000000
-0.000000
0.000000
-0.000000
-0.000000
0.000000
-0.000000
-0.000000
0.000000
-0.000000
-0.000000
0.000000
-0.000000
-0.000000
0.000000
-0.000069
-0.000001
0.001712
-0.000069
-0.000001
0.001712
-0.000071
-0.000005
0.002053
-0.000071
-0.000005
0.002053
-0.000081
-0.000008
0.002433
-0.000081
-0.000008
0.002433
-0.000080
-0.000002
0.002641
-0.000080
-0.000002
0.002641
-0.000056
0.000008
0.002654
-0.000056
0.000008
0.002654
-0.000045
0.000013
0.002642
-0.000045
0.000013
0.002642
-0.000032
0.000007
0.002639
-0.000032
0.000007
0.002639
-0.000004
-0.000006
0.002646
-0.000004
-0.000006
0.002646
0.000004
-0.000012
0.002618
0.000004
-0.000012
0.002618
0.000012
-0.000003
0.002606
0.000012
-0.000003
0.002606
0.000044
0.000014
0.002617
0.000044
0.000014
0.002617
0.000052
0.000021
0.002591
0.000052
0.000021
0.002591
0.000062
0.000012
0.002580
0.000062
0.000012
0.002580
0.000096
-0.000008
0.002588
0.000096
-0.000008
0.002588
0.000098
-0.000017
0.002544
0.000098
-0.000017
0.002544
0.000101
-0.000005
0.002523
0.000101
-0.000005
0.002523
0.000137
0.000016
0.002537
0.000137
0.000016
0.002537
0.000141
0.000026
0.002500
0.000141
0.000026
0.002500
0.000146
0.000014
0.002483
0.000146
0.000014
0.002483
0.000183
-0.000009
0.002490
0.000183
-0.000009
0.002490
0.000180
-0.000020
0.002430
0.000180
-0.000020
0.002430
0.000178
-0.000007
0.002401
0.000178
-0.000007
0.002401
0.000217
0.000018
0.002416
0.000217
0.000018
0.002416
0.000216
0.000029
0.002366
0.000216
0.000029
0.002366
0.000217
0.000016
0.002338
0.000217
0.000016
0.002338
0.000255
-0.000010
0.002342
0.000255
-0.000010
0.002342
0.000245
-0.000022
0.002267
0.000245
-0.000022
0.002267
0.000239
-0.000008
0.002228
0.000239
-0.000008
0.002228
0.000277
0.000018
0.002240
0.000277
0.000018
0.002240
0.000270
0.000030
0.002170
0.000270
0.000030
0.002170
0.000266
0.000016
0.002129
0.000266
0.000016
0.002129
0.000302
-0.000010
0.002128
0.000302
-0.000010
0.002128
0.000285
-0.000022
0.002032
0.000285
-0.000022
0.002032
0.000273
-0.000007
0.001979
0.000273
-0.000007
0.001979
0.000308
0.000019
0.001985
0.000308
0.000019
0.001985
0.000292
0.000030
0.001890
0.000292
0.000030
0.001890
0.000282
0.000016
0.001832
0.000282
0.000016
0.001832
0.000313
-0.000010
0.001822
0.000313
-0.000010
0.001822
0.000284
-0.000022
0.001690
0.000284
-0.000022
0.001690
0.000264
-0.000006
0.001618
0.000264
-0.000006
0.001618
0.000295
0.000020
0.001622
0.000295
0.000020
0.001622
0.000266
0.000030
0.001481
0.000266
0.000030
0.001481
0.000245
0.000015
0.001391
0.000245
0.000015
0.001391
0.000269
-0.000010
0.001369
0.000269
-0.000010
0.001369
0.000221
-0.000019
0.001167
0.000221
-0.000019
0.001167
0.000189
-0.000004
0.001055
0.000189
-0.000004
0.001055
0.000211
0.000019
0.001049
0.000211
0.000019
0.001049
0.000160
0.000024
0.000805
0.000160
0.000024
0.000805
0.000120
0.000010
0.000638
0.000120
0.000010
0.000638
0.000115
-0.000003
0.000546
0.000115
-0.000003
0.000546
0.000032
-0.000004
0.000100
0.000032
-0.000004
0.000100
-0.000013
0.000002
-0.000096
-0.000013
0.000002
-0.000096
-0.000019
-0.000012
-0.000107
-0.000019
-0.000012
-0.000107
-0.000035
-0.000071
-0.000631
-0.000035
-0.000071
-0.000631
-0.000022
-0.000076
-0.000741
-0.000022
-0.000076
-0.000741
-0.000009
-0.000020
-0.000259
-0.000009
-0.000020
-0.000259
-0.000003
-0.000005
-0.000105
-0.000003
-0.000005
-0.000105
-0.000003
-0.000006
-0.000123
-0.000003
-0.000006
-0.000123
-0.000001
-0.000003
-0.000070
-0.000001
-0.000003
-0.000070
-0.000001
-0.000002
-0.000047
-0.000001
-0.000002
-0.000047
-0.000001
-0.000002
-0.000037
-0.000001
-0.000002
-0.000037
-0.000000
-0.000001
-0.000028
-0.000000
-0.000001
-0.000028
-0.000000
-0.000001
-0.000022
-0.000000
-0.000001
-0.000022
-0.000000
-0.000001
-0.000018
-0.000000
-0.000001
-0.000018
-0.000000
-0.000001
-0.000015
-0.000000
-0.000001
-0.000015
-0.000000
-0.000001
-0.000012
-0.000000
-0.000001
-0.000012
0.000000
-0.000000
-0.000011
0.000000
-0.000000
-0.000011
0.000000
-0.000000
-0.000009
0.000000
-0.000000
-0.000009
0.000000
-0.000000
-0.000009
0.000000
-0.000000
-0.000009
0.000000
-0.000000
-0.000005
0.000000
-0.000000
-0.000005
0.000000
-0.000000
-0.000007
0.000000
-0.000000
-0.000007
-0.000000
0.000000
0.000007
-0.000000
0.000000
0.000007
-0.000000
0.000000
0.000008
-0.000000
0.000000
0.000008
-0.000136
-0.000024
0.003974
-0.000136
-0.000024
0.003974
-0.000148
-0.000022
0.004740
-0.000148
-0.000022
0.004740
-0.000163
-0.000027
0.005638
-0.000163
-0.000027
0.005638
-0.000174
-0.000041
0.006313
-0.000174
-0.000041
0.006313
-0.000115
-0.000043
0.006549
-0.000115
-0.000043
0.006549
-0.000048
-0.000006
0.006595
-0.000048
-0.000006
0.006595
0.000032
0.000025
0.006598
0.000032
0.000025
0.006598
0.000110
-0.000001
0.006584
0.000110
-0.000001
0.006584
0.000190
-0.000027
0.006539
0.000190
-0.000027
0.006539
0.000267
0.000003
0.006475
0.000267
0.000003
0.006475
0.000337
0.000031
0.006395
0.000337
0.000031
0.006395
0.000404
0.000001
0.006313
0.000404
0.000001
0.006313
0.000475
-0.000028
0.006220
0.000475
-0.000028
0.006220
0.000541
0.000004
0.006106
0.000541
0.000004
0.006106
0.000596
0.000033
0.005976
0.000596
0.000033
0.005976
0.000648
0.000002
0.005846
0.000648
0.000002
0.005846
0.000701
-0.000028
0.005709
0.000701
-0.000028
0.005709
0.000749
0.000003
0.005554
0.000749
0.000003
0.005554
0.000782
0.000033
0.005386
0.000782
0.000033
0.005386
0.000813
0.000003
0.005220
0.000813
0.000003
0.005220
0.000843
-0.000026
0.005053
0.000843
-0.000026
0.005053
0.000868
0.000003
0.004872
0.000868
0.000003
0.004872
0.000877
0.000031
0.004679
0.000877
0.000031
0.004679
0.000884
0.000003
0.004491
0.000884
0.000003
0.004491
0.000892
-0.000023
0.004309
0.000892
-0.000023
0.004309
0.000894
0.000003
0.004116
0.000894
0.000003
0.004116
0.000881
0.000027
0.003914
0.000881
0.000027
0.003914
0.000868
0.000003
0.003720
0.000868
0.000003
0.003720
0.000856
-0.000019
0.003538
0.000856
-0.000019
0.003538
0.000841
0.000003
0.003349
0.000841
0.000003
0.003349
0.000812
0.000023
0.003154
0.000812
0.000023
0.003154
0.000784
0.000003
0.002968
0.000784
0.000003
0.002968
0.000759
-0.000016
0.002798
0.000759
-0.000016
0.002798
0.000732
0.000002
0.002625
0.000732
0.000002
0.002625
0.000694
0.000019
0.002446
0.000694
0.000019
0.002446
0.000658
0.000003
0.002279
0.000658
0.000003
0.002279
0.000628
-0.000012
0.002130
0.000628
-0.000012
0.002130
0.000597
0.000002
0.001981
0.000597
0.000002
0.001981
0.000556
0.000015
0.001826
0.000556
0.000015
0.001826
0.000518
0.000002
0.001683
0.000518
0.000002
0.001683
0.000488
-0.000010
0.001559
0.000488
-0.000010
0.001559
0.000457
0.000003
0.001435
0.000457
0.000003
0.001435
0.000418
0.000013
0.001306
0.000418
0.000013
0.001306
0.000383
0.000001
0.001187
0.000383
0.000001
0.001187
0.000356
-0.000008
0.001088
0.000356
-0.000008
0.001088
0.000328
0.000002
0.000990
0.000328
0.000002
0.000990
0.000293
0.000011
0.000883
0.000293
0.000011
0.000883
0.000262
0.000002
0.000788
0.000262
0.000002
0.000788
0.000242
-0.000006
0.000714
0.000242
-0.000006
0.000714
0.000220
0.000003
0.000637
0.000220
0.000003
0.000637
0.000187
0.000010
0.000548
0.000187
0.000010
0.000548
0.000161
0.000002
0.000473
0.000161
0.000002
0.000473
0.000155
-0.000002
0.000431
0.000155
-0.000002
0.000431
0.000144
0.000009
0.000381
0.000144
0.000009
0.000381
0.000115
0.000019
0.000316
0.000115
0.000019
0.000316
0.000086
0.000017
0.000241
0.000086
0.000017
0.000241
0.000051
0.000012
0.000160
0.000051
0.000012
0.000160
0.000029
0.000008
0.000106
0.000029
0.000008
0.000106
0.000016
0.000005
0.000075
0.000016
0.000005
0.000075
0.000011
0.000003
0.000054
0.000011
0.000003
0.000054
0.000007
0.000002
0.000038
0.000007
0.000002
0.000038
0.000005
0.000001
0.000026
0.000005
0.000001
0.000026
0.000003
0.000001
0.000018
0.000003
0.000001
0.000018
0.000002
0.000001
0.000013
0.000002
0.000001
0.000013
0.000001
0.000000
0.000009
0.000001
0.000000
0.000009
0.000001
0.000000
0.000006
0.000001
0.000000
0.000006
0.000001
0.000000
0.000004
0.000001
0.000000
0.000004
0.000000
0.000000
0.000003
0.000000
0.000000
0.000003
0.000000
0.000000
0.000002
0.000000
0.000000
0.000002
0.000000
0.000000
0.000001
0.000000
0.000000
0.000001
0.000000
0.000000
0.000001
0.000000
0.000000
0.000001
-0.000000
-0.000000
-0.000000
-0.000000
-0.000000
-0.000000
-0.000000
-0.000000
-0.000002
-0.000000
-0.000000
-0.000002
