0.000635
-0.000001
-0.000095
0.000635
-0.000001
-0.000095
0.001098
-0.000002
-0.000036
0.001098
-0.000002
-0.000036
0.001547
-0.000002
0.000223
0.001547
-0.000002
0.000223
0.001702
-0.000004
0.000856
0.001702
-0.000004
0.000856
0.001385
-0.000007
0.001421
0.001385
-0.000007
0.001421
0.000936
-0.000010
0.001506
0.000936
-0.000010
0.001506
0.000625
-0.000013
0.001392
0.000625
-0.000013
0.001392
0.000456
-0.000014
0.001270
0.000456
-0.000014
0.001270
0.000350
-0.000010
0.001156
0.000350
-0.000010
0.001156
0.000262
-0.000006
0.001040
0.000262
-0.000006
0.001040
0.000200
-0.000002
0.000942
0.000200
-0.000002
0.000942
0.000154
0.000000
0.000859
0.000154
0.000000
0.000859
0.000120
0.000002
0.000785
0.000120
0.000002
0.000785
0.000101
0.000003
0.000730
0.000101
0.000003
0.000730
0.000085
0.000002
0.000667
0.000085
0.000002
0.000667
0.000063
-0.000000
0.000586
0.000063
-0.000000
0.000586
0.000046
-0.000001
0.000513
0.000046
-0.000001
0.000513
0.000033
-0.000003
0.000452
0.000033
-0.000003
0.000452
0.000022
-0.000003
0.000390
0.000022
-0.000003
0.000390
0.000012
-0.000004
0.000324
0.000012
-0.000004
0.000324
0.000004
-0.000005
0.000267
0.000004
-0.000005
0.000267
-0.000000
-0.000006
0.000224
-0.000000
-0.000006
0.000224
-0.000003
-0.000006
0.000176
-0.000003
-0.000006
0.000176
-0.000005
-0.000006
0.000135
-0.000005
-0.000006
0.000135
-0.000004
-0.000004
0.000077
-0.000004
-0.000004
0.000077
0.000006
0.000002
-0.000025
0.000006
0.000002
-0.000025
0.000003
0.000001
-0.000020
0.000003
0.000001
-0.000020
-0.000020
-0.000004
0.000106
-0.000020
-0.000004
0.000106
-0.000037
-0.000006
0.000186
-0.000037
-0.000006
0.000186
-0.000047
-0.000005
0.000227
-0.000047
-0.000005
0.000227
-0.000064
-0.000005
0.000297
-0.000064
-0.000005
0.000297
-0.000092
-0.000003
0.000400
-0.000092
-0.000003
0.000400
-0.000126
-0.000002
0.000522
-0.000126
-0.000002
0.000522
-0.000155
0.000001
0.000625
-0.000155
0.000001
0.000625
-0.000180
0.000005
0.000709
-0.000180
0.000005
0.000709
-0.000195
0.000008
0.000801
-0.000195
0.000008
0.000801
-0.000200
0.000006
0.000858
-0.000200
0.000006
0.000858
-0.000205
0.000000
0.000867
-0.000205
0.000000
0.000867
-0.000216
-0.000006
0.000898
-0.000216
-0.000006
0.000898
-0.000218
-0.000009
0.000955
-0.000218
-0.000009
0.000955
-0.000214
-0.000005
0.000980
-0.000214
-0.000005
0.000980
-0.000217
0.000001
0.000974
-0.000217
0.000001
0.000974
-0.000225
0.000008
0.000991
-0.000225
0.000008
0.000991
-0.000225
0.000012
0.001043
-0.000225
0.000012
0.001043
-0.000219
0.000008
0.001067
-0.000219
0.000008
0.001067
-0.000222
0.000000
0.001051
-0.000222
0.000000
0.001051
-0.000231
-0.000008
0.001063
-0.000231
-0.000008
0.001063
-0.000226
-0.000013
0.001107
-0.000226
-0.000013
0.001107
-0.000216
-0.000008
0.001120
-0.000216
-0.000008
0.001120
-0.000219
0.000002
0.001096
-0.000219
0.000002
0.001096
-0.000228
0.000011
0.001100
-0.000228
0.000011
0.001100
-0.000225
0.000016
0.001149
-0.000225
0.000016
0.001149
-0.000217
0.000012
0.001169
-0.000217
0.000012
0.001169
-0.000221
0.000002
0.001145
-0.000221
0.000002
0.001145
-0.000231
-0.000008
0.001150
-0.000231
-0.000008
0.001150
-0.000226
-0.000014
0.001193
-0.000226
-0.000014
0.001193
-0.000214
-0.000009
0.001206
-0.000214
-0.000009
0.001206
-0.000219
0.000001
0.001181
-0.000219
0.000001
0.001181
-0.000228
0.000011
0.001184
-0.000228
0.000011
0.001184
-0.000225
0.000016
0.001229
-0.000225
0.000016
0.001229
-0.000217
0.000012
0.001250
-0.000217
0.000012
0.001250
-0.000222
0.000003
0.001233
-0.000222
0.000003
0.001233
-0.000231
-0.000006
0.001241
-0.000231
-0.000006
0.001241
-0.000225
-0.000012
0.001279
-0.000225
-0.000012
0.001279
-0.000214
-0.000008
0.001292
-0.000214
-0.000008
0.001292
-0.000218
0.000001
0.001278
-0.000218
0.000001
0.001278
-0.000225
0.000008
0.001285
-0.000225
0.000008
0.001285
-0.000220
0.000013
0.001322
-0.000220
0.000013
0.001322
-0.000212
0.000010
0.001340
-0.000212
0.000010
0.001340
-0.000215
0.000003
0.001331
-0.000215
0.000003
0.001331
-0.000220
-0.000005
0.001342
-0.000220
-0.000005
0.001342
-0.000213
-0.000009
0.001371
-0.000213
-0.000009
0.001371
-0.000202
-0.000006
0.001381
-0.000202
-0.000006
0.001381
-0.000204
0.000000
0.001374
-0.000204
0.000000
0.001374
-0.000207
0.000007
0.001384
-0.000207
0.000007
0.001384
-0.000202
0.000010
0.001412
-0.000202
0.000010
0.001412
-0.000193
0.000008
0.001426
-0.000193
0.000008
0.001426
-0.000194
0.000002
0.001424
-0.000194
0.000002
0.001424
-0.000197
-0.000003
0.001435
-0.000197
-0.000003
0.001435
-0.000189
-0.000006
0.001457
-0.000189
-0.000006
0.001457
-0.000179
-0.000004
0.001465
-0.000179
-0.000004
0.001465
-0.000178
0.000001
0.001463
-0.000178
0.000001
0.001463
-0.000178
0.000005
0.001471
-0.000178
0.000005
0.001471
-0.000172
0.000007
0.001492
-0.000172
0.000007
0.001492
-0.000165
0.000006
0.001504
-0.000165
0.000006
0.001504
-0.000163
0.000002
0.001505
-0.000163
0.000002
0.001505
-0.000162
-0.000001
0.001513
-0.000162
-0.000001
0.001513
-0.000154
-0.000003
0.001529
-0.000154
-0.000003
0.001529
-0.000145
-0.000002
0.001537
-0.000145
-0.000002
0.001537
-0.000143
0.000000
0.001538
-0.000143
0.000000
0.001538
-0.000140
0.000003
0.001544
-0.000140
0.000003
0.001544
-0.000134
0.000004
0.001558
-0.000134
0.000004
0.001558
-0.000127
0.000004
0.001567
-0.000127
0.000004
0.001567
-0.000124
0.000002
0.001571
-0.000124
0.000002
0.001571
-0.000120
0.000000
0.001577
-0.000120
0.000000
0.001577
-0.000113
-0.000001
0.001588
-0.000113
-0.000001
0.001588
-0.000105
-0.000000
0.001595
-0.000105
-0.000000
0.001595
-0.000100
0.000001
0.001598
-0.000100
0.000001
0.001598
-0.000095
0.000001
0.001602
-0.000095
0.000001
0.001602
-0.000089
0.000002
0.001608
-0.000089
0.000002
0.001608
-0.000082
0.000001
0.001614
-0.000082
0.000001
0.001614
-0.000076
0.000001
0.001618
-0.000076
0.000001
0.001618
-0.000070
0.000001
0.001620
-0.000070
0.000001
0.001620
-0.000064
0.000000
0.001625
-0.000064
0.000000
0.001625
-0.000001
-0.000000
0.000000
-0.000001
-0.000000
0.000000
-0.000001
-0.000000
0.000000
-0.000001
-0.000000
0.000000
-0.000002
-0.000000
0.000000
-0.000002
-0.000000
0.000000
-0.000002
-0.000000
0.000000
-0.000002
-0.000000
0.000000
-0.000002
-0.000000
0.000000
-0.000002
-0.000000
0.000000
-0.000002
-0.000000
0.000000
-0.000002
-0.000000
0.000000
-0.000001
-0.000000
0.000000
-0.000001
-0.000000
0.000000
-0.000001
-0.000000
0.000000
-0.000001
-0.000000
0.000000
-0.000001
-0.000000
0.000000
-0.000001
-0.000000
0.000000
-0.000001
-0.000000
0.000000
-0.000001
-0.000000
0.000000
-0.000001
-0.000000
0.000000
-0.000001
-0.000000
0.000000
-0.000001
-0.000000
0.000000
-0.000001
-0.000000
0.000000
-0.000001
-0.000000
0.000000
-0.000001
-0.000000
0.000000
-0.000001
-0.000000
0.000000
-0.000001
-0.000000
0.000000
-0.000001
-0.000000
0.000000
-0.000001
-0.000000
0.000000
-0.000000
-0.000000
0.000000
-0.000000
-0.000000
0.000000
-0.000000
-0.000000
0.000000
-0.000000
-0.000000
0.000000
-0.000000
-0.000000
0.000000
-0.000000
-0.000000
0.000000
0.000000
0.000000
-0.000000
0.000000
0.000000
-0.000000
-0.000000
-0.000000
0.000000
-0.000000
-0.000000
0.000000
-0.000000
-0.000000
0.000000
-0.000000
-0.000000
0.000000
-0.000000
-0.000000
0.000000
-0.000000
-0.000000
0.000000
-0.000001
-0.000000
0.000000
-0.000001
-0.000000
0.000000
-0.000001
-0.000000
0.000000
-0.000001
-0.000000
0.000000
-0.000003
-0.000000
0.000000
-0.000003
-0.000000
0.000000
-0.000002
-0.000000
0.000000
-0.000002
-0.000000
0.000000
-0.000010
-0.000000
0.000000
-0.000010
-0.000000
0.000000
-0.000003
-0.000000
0.000000
-0.000003
-0.000000
0.000000
0.000060
0.000000
-0.000002
0.000060
0.000000
-0.000002
0.000052
0.000000
-0.000007
0.000052
0.000000
-0.000007
-0.001107
0.000010
0.003459
-0.001107
0.000010
0.003459
-0.001208
0.000007
0.003949
-0.001208
0.000007
0.003949
-0.001132
-0.000000
0.003945
-0.001132
-0.000000
0.003945
-0.001050
-0.000008
0.003912
-0.001050
-0.000008
0.003912
-0.000982
-0.000011
0.003840
-0.000982
-0.000011
0.003840
-0.000924
-0.000005
0.003797
-0.000924
-0.000005
0.003797
-0.000851
0.000005
0.003780
-0.000851
0.000005
0.003780
-0.000771
0.000015
0.003718
-0.000771
0.000015
0.003718
-0.000709
0.000020
0.003628
-0.000709
0.000020
0.003628
-0.000654
0.000014
0.003562
-0.000654
0.000014
0.003562
-0.000581
0.000004
0.003502
-0.000581
0.000004
0.003502
-0.000502
-0.000007
0.003392
-0.000502
-0.000007
0.003392
-0.000444
-0.000012
0.003232
-0.000444
-0.000012
0.003232
-0.000393
-0.000008
0.003095
-0.000393
-0.000008
0.003095
-0.000326
-0.000000
0.002975
-0.000326
-0.000000
0.002975
-0.000260
0.000006
0.002800
-0.000260
0.000006
0.002800
-0.000215
0.000006
0.002583
-0.000215
0.000006
0.002583
-0.000179
-0.000004
0.002381
-0.000179
-0.000004
0.002381
-0.000137
-0.000018
0.002199
-0.000137
-0.000018
0.002199
-0.000101
-0.000031
0.001949
-0.000101
-0.000031
0.001949
-0.000128
-0.000028
0.001625
-0.000128
-0.000028
0.001625
-0.000167
0.000003
0.001457
-0.000167
0.000003
0.001457
-0.000160
0.000044
0.001466
-0.000160
0.000044
0.001466
-0.000142
0.000081
0.001356
-0.000142
0.000081
0.001356
-0.000182
0.000087
0.001111
-0.000182
0.000087
0.001111
-0.000258
0.000072
0.001092
-0.000258
0.000072
0.001092
-0.000304
0.000054
0.001297
-0.000304
0.000054
0.001297
-0.000332
0.000031
0.001400
-0.000332
0.000031
0.001400
-0.000365
0.000011
0.001413
-0.000365
0.000011
0.001413
-0.000419
0.000006
0.001518
-0.000419
0.000006
0.001518
-0.000464
0.000008
0.001699
-0.000464
0.000008
0.001699
-0.000495
0.000009
0.001843
-0.000495
0.000009
0.001843
-0.000516
0.000009
0.001956
-0.000516
0.000009
0.001956
-0.000533
0.000006
0.002065
-0.000533
0.000006
0.002065
-0.000540
0.000002
0.002156
-0.000540
0.000002
0.002156
-0.000540
-0.000004
0.002219
-0.000540
-0.000004
0.002219
-0.000547
-0.000007
0.002254
-0.000547
-0.000007
0.002254
-0.000561
-0.000004
0.002314
-0.000561
-0.000004
0.002314
-0.000565
0.000002
0.002403
-0.000565
0.000002
0.002403
-0.000561
0.000008
0.002461
-0.000561
0.000008
0.002461
-0.000564
0.000010
0.002503
-0.000564
0.000010
0.002503
-0.000569
0.000008
0.002561
-0.000569
0.000008
0.002561
-0.000565
0.000003
0.002624
-0.000565
0.000003
0.002624
-0.000556
-0.000003
0.002664
-0.000556
-0.000003
0.002664
-0.000555
-0.000006
0.002681
-0.000555
-0.000006
0.002681
-0.000559
-0.000004
0.002720
-0.000559
-0.000004
0.002720
-0.000554
0.000000
0.002782
-0.000554
0.000000
0.002782
-0.000545
0.000004
0.002824
-0.000545
0.000004
0.002824
-0.000540
0.000006
0.002859
-0.000540
0.000006
0.002859
-0.000537
0.000005
0.002902
-0.000537
0.000005
0.002902
-0.000527
0.000003
0.002945
-0.000527
0.000003
0.002945
-0.000516
-0.000000
0.002976
-0.000516
-0.000000
0.002976
-0.000509
-0.000002
0.002997
-0.000509
-0.000002
0.002997
-0.000503
-0.000002
0.003027
-0.000503
-0.000002
0.003027
-0.000494
-0.000000
0.003067
-0.000494
-0.000000
0.003067
-0.000483
0.000000
0.003102
-0.000483
0.000000
0.003102
-0.000471
0.000001
0.003139
-0.000471
0.000001
0.003139
-0.000459
0.000002
0.003171
-0.000459
0.000002
0.003171
-0.000447
0.000002
0.003194
-0.000447
0.000002
0.003194
-0.000435
0.000003
0.003220
-0.000435
0.000003
0.003220
-0.000421
0.000003
0.003247
-0.000421
0.000003
0.003247
-0.000407
0.000002
0.003269
-0.000407
0.000002
0.003269
-0.000394
-0.000001
0.003287
-0.000394
-0.000001
0.003287
-0.000383
-0.000004
0.003314
-0.000383
-0.000004
0.003314
-0.000365
-0.000005
0.003353
-0.000365
-0.000005
0.003353
-0.000345
-0.000003
0.003377
-0.000345
-0.000003
0.003377
-0.000331
0.000001
0.003384
-0.000331
0.000001
0.003384
-0.000319
0.000005
0.003407
-0.000319
0.000005
0.003407
-0.000291
0.000006
0.003448
-0.000291
0.000006
0.003448
-0.000259
-0.000003
0.003459
-0.000259
-0.000003
0.003459
-0.000243
-0.000017
0.003440
-0.000243
-0.000017
0.003440
-0.000229
-0.000033
0.003450
-0.000229
-0.000033
0.003450
-0.000182
-0.000044
0.003483
-0.000182
-0.000044
0.003483
-0.000133
-0.000039
0.003458
-0.000133
-0.000039
0.003458
-0.000119
-0.000029
0.003380
-0.000119
-0.000029
0.003380
-0.000991
0.000008
0.002971
-0.000991
0.000008
0.002971
-0.001038
0.000005
0.002978
-0.001038
0.000005
0.002978
-0.001085
0.000003
0.002977
-0.001085
0.000003
0.002977
-0.001129
0.000000
0.002967
-0.001129
0.000000
0.002967
-0.001170
-0.000001
0.002960
-0.001170
-0.000001
0.002960
-0.001215
-0.000001
0.002957
-0.001215
-0.000001
0.002957
-0.001264
-0.000000
0.002947
-0.001264
-0.000000
0.002947
-0.001313
0.000001
0.002929
-0.001313
0.000001
0.002929
-0.001361
0.000001
0.002907
-0.001361
0.000001
0.002907
-0.001403
0.000002
0.002868
-0.001403
0.000002
0.002868
-0.001446
0.000002
0.002826
-0.001446
0.000002
0.002826
-0.001495
0.000002
0.002789
-0.001495
0.000002
0.002789
-0.001544
0.000002
0.002745
-0.001544
0.000002
0.002745
-0.001593
0.000003
0.002692
-0.001593
0.000003
0.002692
-0.001642
0.000003
0.002629
-0.001642
0.000003
0.002629
-0.001687
0.000003
0.002553
-0.001687
0.000003
0.002553
-0.001729
0.000003
0.002464
-0.001729
0.000003
0.002464
-0.001766
0.000003
0.002361
-0.001766
0.000003
0.002361
-0.001796
0.000002
0.002241
-0.001796
0.000002
0.002241
-0.001799
0.000002
0.002080
-0.001799
0.000002
0.002080
-0.001780
0.000002
0.001889
-0.001780
0.000002
0.001889
-0.001746
0.000002
0.001687
-0.001746
0.000002
0.001687
-0.001669
0.000002
0.001450
-0.001669
0.000002
0.001450
-0.001535
0.000003
0.001179
-0.001535
0.000003
0.001179
-0.001318
0.000003
0.000876
-0.001318
0.000003
0.000876
-0.000999
0.000002
0.000557
-0.000999
0.000002
0.000557
-0.000540
0.000001
0.000248
-0.000540
0.000001
0.000248
0.000068
-0.000000
0.000001
0.000068
-0.000000
0.000001
0.000017
0.000000
-0.000002
0.000017
0.000000
-0.000002
0.000021
0.000000
-0.000001
0.000021
0.000000
-0.000001
-0.000001
-0.000000
0.000000
-0.000001
-0.000000
0.000000
-0.000004
-0.000000
0.000000
-0.000004
-0.000000
0.000000
-0.000000
-0.000000
0.000000
-0.000000
-0.000000
0.000000
-0.000001
-0.000000
0.000000
-0.000001
-0.000000
0.000000
0.000000
0.000000
-0.000000
0.000000
0.000000
-0.000000
0.000000
0.000000
-0.000000
0.000000
0.000000
-0.000000
0.000001
0.000000
-0.000000
0.000001
0.000000
-0.000000
0.000001
0.000000
-0.000000
0.000001
0.000000
-0.000000
0.000001
0.000000
-0.000000
0.000001
0.000000
-0.000000
0.000001
0.000000
-0.000000
0.000001
0.000000
-0.000000
0.000001
0.000000
-0.000000
0.000001
0.000000
-0.000000
0.000001
0.000000
-0.000000
0.000001
0.000000
-0.000000
0.000001
0.000000
-0.000000
0.000001
0.000000
-0.000000
0.000001
0.000000
-0.000000
0.000001
0.000000
-0.000000
0.000001
0.000000
-0.000000
0.000001
0.000000
-0.000000
0.000001
0.000000
-0.000000
0.000001
0.000000
-0.000000
0.000001
0.000000
-0.000000
0.000001
0.000000
-0.000000
0.000000
0.000000
-0.000000
0.000000
0.000000
-0.000000
0.000000
0.000000
-0.000000
0.000000
0.000000
-0.000000
-0.000000
-0.000000
0.000000
-0.000000
-0.000000
0.000000
-0.000000
-0.000000
0.000000
-0.000000
-0.000000
0.000000
-0.000000
-0.000000
0.000000
-0.000000
-0.000000
0.000000
-0.000001
-0.000000
0.000000
-0.000001
-0.000000
0.000000
-0.000001
-0.000000
0.000000
-0.000001
-0.000000
0.000000
-0.000001
-0.000000
0.000000
-0.000001
-0.000000
0.000000
-0.000001
-0.000000
0.000000
-0.000001
-0.000000
0.000000
-0.000001
-0.000000
0.000000
-0.000001
-0.000000
0.000000
-0.000063
-0.000001
0.001795
-0.000063
-0.000001
0.001795
-0.000065
-0.000004
0.002156
-0.000065
-0.000004
0.002156
-0.000071
-0.000005
0.002564
-0.000071
-0.000005
0.002564
-0.000066
-0.000001
0.002795
-0.000066
-0.000001
0.002795
-0.000043
0.000007
0.002823
-0.000043
0.000007
0.002823
-0.000029
0.000010
0.002826
-0.000029
0.000010
0.002826
-0.000013
0.000005
0.002828
-0.000013
0.000005
0.002828
0.000015
-0.000005
0.002841
0.000015
-0.000005
0.002841
0.000025
-0.000010
0.002832
0.000025
-0.000010
0.002832
0.000036
-0.000001
0.002833
0.000036
-0.000001
0.002833
0.000069
0.000014
0.002848
0.000069
0.000014
0.002848
0.000079
0.000021
0.002833
0.000079
0.000021
0.002833
0.000092
0.000011
0.002835
0.000092
0.000011
0.002835
0.000128
-0.000008
0.002847
0.000128
-0.000008
0.002847
0.000131
-0.000017
0.002806
0.000131
-0.000017
0.002806
0.000136
-0.000005
0.002792
0.000136
-0.000005
0.002792
0.000175
0.000018
0.002810
0.000175
0.000018
0.002810
0.000180
0.000029
0.002776
0.000180
0.000029
0.002776
0.000187
0.000015
0.002762
0.000187
0.000015
0.002762
0.000228
-0.000011
0.002771
0.000228
-0.000011
0.002771
0.000223
-0.000023
0.002709
0.000223
-0.000023
0.002709
0.000221
-0.000008
0.002682
0.000221
-0.000008
0.002682
0.000265
0.000021
0.002701
0.000265
0.000021
0.002701
0.000262
0.000034
0.002645
0.000262
0.000034
0.002645
0.000262
0.000018
0.002615
0.000262
0.000018
0.002615
0.000306
-0.000013
0.002621
0.000306
-0.000013
0.002621
0.000293
-0.000027
0.002541
0.000293
-0.000027
0.002541
0.000283
-0.000010
0.002498
0.000283
-0.000010
0.002498
0.000327
0.000023
0.002505
0.000327
0.000023
0.002505
0.000316
0.000038
0.002425
0.000316
0.000038
0.002425
0.000309
0.000020
0.002384
0.000309
0.000020
0.002384
0.000352
-0.000014
0.002381
0.000352
-0.000014
0.002381
0.000326
-0.000029
0.002261
0.000326
-0.000029
0.002261
0.000308
-0.000010
0.002199
0.000308
-0.000010
0.002199
0.000352
0.000024
0.002211
0.000352
0.000024
0.002211
0.000329
0.000039
0.002094
0.000329
0.000039
0.002094
0.000311
0.000020
0.002018
0.000311
0.000020
0.002018
0.000348
-0.000014
0.002007
0.000348
-0.000014
0.002007
0.000311
-0.000029
0.001855
0.000311
-0.000029
0.001855
0.000284
-0.000009
0.001771
0.000284
-0.000009
0.001771
0.000321
0.000024
0.001771
0.000321
0.000024
0.001771
0.000283
0.000037
0.001602
0.000283
0.000037
0.001602
0.000257
0.000018
0.001504
0.000257
0.000018
0.001504
0.000285
-0.000013
0.001484
0.000285
-0.000013
0.001484
0.000230
-0.000024
0.001251
0.000230
-0.000024
0.001251
0.000191
-0.000006
0.001125
0.000191
-0.000006
0.001125
0.000218
0.000021
0.001126
0.000218
0.000021
0.001126
0.000165
0.000027
0.000863
0.000165
0.000027
0.000863
0.000122
0.000012
0.000686
0.000122
0.000012
0.000686
0.000120
-0.000004
0.000603
0.000120
-0.000004
0.000603
0.000041
-0.000005
0.000154
0.000041
-0.000005
0.000154
-0.000004
0.000003
-0.000041
-0.000004
0.000003
-0.000041
-0.000007
-0.000007
-0.000038
-0.000007
-0.000007
-0.000038
-0.000023
-0.000061
-0.000548
-0.000023
-0.000061
-0.000548
-0.000015
-0.000067
-0.000663
-0.000015
-0.000067
-0.000663
-0.000006
-0.000015
-0.000203
-0.000006
-0.000015
-0.000203
-0.000001
-0.000003
-0.000063
-0.000001
-0.000003
-0.000063
-0.000002
-0.000004
-0.000088
-0.000002
-0.000004
-0.000088
-0.000001
-0.000002
-0.000043
-0.000001
-0.000002
-0.000043
-0.000000
-0.000001
-0.000026
-0.000000
-0.000001
-0.000026
-0.000000
-0.000001
-0.000019
-0.000000
-0.000001
-0.000019
-0.000000
-0.000001
-0.000013
-0.000000
-0.000001
-0.000013
-0.000000
-0.000000
-0.000009
-0.000000
-0.000000
-0.000009
-0.000000
-0.000000
-0.000007
-0.000000
-0.000000
-0.000007
0.000000
-0.000000
-0.000006
0.000000
-0.000000
-0.000006
0.000000
-0.000000
-0.000005
0.000000
-0.000000
-0.000005
0.000000
-0.000000
-0.000004
0.000000
-0.000000
-0.000004
0.000000
-0.000000
-0.000003
0.000000
-0.000000
-0.000003
0.000000
-0.000000
-0.000003
0.000000
-0.000000
-0.000003
0.000000
-0.000000
-0.000000
0.000000
-0.000000
-0.000000
0.000000
-0.000000
-0.000004
0.000000
-0.000000
-0.000004
-0.000000
0.000000
0.000008
-0.000000
0.000000
0.000008
-0.000000
0.000000
0.000009
-0.000000
0.000000
0.000009
-0.000120
-0.000025
0.003662
-0.000120
-0.000025
0.003662
-0.000135
-0.000025
0.004368
-0.000135
-0.000025
0.004368
-0.000152
-0.000027
0.005206
-0.000152
-0.000027
0.005206
-0.000160
-0.000036
0.005837
-0.000160
-0.000036
0.005837
-0.000113
-0.000034
0.006045
-0.000113
-0.000034
0.006045
-0.000057
-0.000004
0.006086
-0.000057
-0.000004
0.006086
0.000009
0.000019
0.006099
0.000009
0.000019
0.006099
0.000076
-0.000001
0.006101
0.000076
-0.000001
0.006101
0.000145
-0.000022
0.006082
0.000145
-0.000022
0.006082
0.000211
0.000003
0.006050
0.000211
0.000003
0.006050
0.000273
0.000026
0.006007
0.000273
0.000026
0.006007
0.000333
0.000000
0.005959
0.000333
0.000000
0.005959
0.000398
-0.000024
0.005901
0.000398
-0.000024
0.005901
0.000459
0.000004
0.005829
0.000459
0.000004
0.005829
0.000513
0.000030
0.005745
0.000513
0.000030
0.005745
0.000564
0.000001
0.005659
0.000564
0.000001
0.005659
0.000619
-0.000026
0.005566
0.000619
-0.000026
0.005566
0.000669
0.000004
0.005459
0.000669
0.000004
0.005459
0.000710
0.000032
0.005340
0.000710
0.000032
0.005340
0.000746
0.000002
0.005222
0.000746
0.000002
0.005222
0.000786
-0.000026
0.005100
0.000786
-0.000026
0.005100
0.000821
0.000004
0.004963
0.000821
0.000004
0.004963
0.000842
0.000032
0.004814
0.000842
0.000032
0.004814
0.000862
0.000002
0.004671
0.000862
0.000002
0.004671
0.000884
-0.000025
0.004529
0.000884
-0.000025
0.004529
0.000900
0.000003
0.004376
0.000900
0.000003
0.004376
0.000903
0.000031
0.004212
0.000903
0.000031
0.004212
0.000904
0.000003
0.004054
0.000904
0.000003
0.004054
0.000908
-0.000023
0.003902
0.000908
-0.000023
0.003902
0.000908
0.000003
0.003743
0.000908
0.000003
0.003743
0.000894
0.000028
0.003577
0.000894
0.000028
0.003577
0.000880
0.000003
0.003416
0.000880
0.000003
0.003416
0.000868
-0.000021
0.003263
0.000868
-0.000021
0.003263
0.000854
0.000003
0.003107
0.000854
0.000003
0.003107
0.000827
0.000026
0.002946
0.000827
0.000026
0.002946
0.000800
0.000003
0.002791
0.000800
0.000003
0.002791
0.000779
-0.000018
0.002647
0.000779
-0.000018
0.002647
0.000755
0.000003
0.002501
0.000755
0.000003
0.002501
0.000718
0.000022
0.002346
0.000718
0.000022
0.002346
0.000683
0.000003
0.002198
0.000683
0.000003
0.002198
0.000655
-0.000015
0.002067
0.000655
-0.000015
0.002067
0.000625
0.000004
0.001932
0.000625
0.000004
0.001932
0.000582
0.000020
0.001785
0.000582
0.000020
0.001785
0.000542
0.000002
0.001646
0.000542
0.000002
0.001646
0.000511
-0.000013
0.001529
0.000511
-0.000013
0.001529
0.000478
0.000003
0.001409
0.000478
0.000003
0.001409
0.000432
0.000017
0.001272
0.000432
0.000017
0.001272
0.000391
0.000003
0.001146
0.000391
0.000003
0.001146
0.000362
-0.000009
0.001045
0.000362
-0.000009
0.001045
0.000331
0.000004
0.000939
0.000331
0.000004
0.000939
0.000282
0.000015
0.000809
0.000282
0.000015
0.000809
0.000240
0.000003
0.000693
0.000240
0.000003
0.000693
0.000227
-0.000003
0.000625
0.000227
-0.000003
0.000625
0.000205
0.000012
0.000535
0.000205
0.000012
0.000535
0.000152
0.000025
0.000416
0.000152
0.000025
0.000416
0.000108
0.000022
0.000303
0.000108
0.000022
0.000303
0.000061
0.000014
0.000189
0.000061
0.000014
0.000189
0.000029
0.000008
0.000108
0.000029
0.000008
0.000108
0.000015
0.000005
0.000068
0.000015
0.000005
0.000068
0.000010
0.000003
0.000049
0.000010
0.000003
0.000049
0.000007
0.000002
0.000035
0.000007
0.000002
0.000035
0.000004
0.000001
0.000022
0.000004
0.000001
0.000022
0.000002
0.000001
0.000014
0.000002
0.000001
0.000014
0.000001
0.000000
0.000008
0.000001
0.000000
0.000008
0.000001
0.000000
0.000005
0.000001
0.000000
0.000005
0.000000
0.000000
0.000002
0.000000
0.000000
0.000002
0.000000
0.000000
0.000001
0.000000
0.000000
0.000001
0.000000
0.000000
0.000000
0.000000
0.000000
0.000000
-0.000000
-0.000000
-0.000000
-0.000000
-0.000000
-0.000000
-0.000000
-0.000000
-0.000002
-0.000000
-0.000000
-0.000002
-0.000000
-0.000000
-0.000000
-0.000000
-0.000000
-0.000000
-0.000001
-0.000000
-0.000004
-0.000001
-0.000000
-0.000004
-0.000001
-0.000000
-0.000007
-0.000001
-0.000000
-0.000007
