0	-0.000034	-128.174935
1	-0.000164	-52.531428
2	-0.000002	-384.680039
3	0.000677	-840.297489
4	0.001853	-1144.136445
5	0.003271	-1653.031745
6	0.004804	-2001.659254
7	0.006371	-1956.841356
8	0.007945	-2001.680745
9	0.009546	-2114.316706
10	0.011168	-2185.644609
11	0.012805	-2191.375910
12	0.014454	-2170.165692
13	0.016095	-1879.493451
14	0.017726	-1659.797363
15	0.019364	-1813.277463
16	0.021009	-2011.812637
17	0.022658	-1632.334735
18	0.024312	-1269.201721
19	0.025945	-1400.970366
20	0.027557	-1501.653116
21	0.029171	-1299.642584
22	0.030786	-1093.626321
23	0.032402	-1032.464221
24	0.034017	-1297.976302
25	0.035587	-1547.115523
26	0.037112	-1446.271129
27	0.038637	-1349.097036
28	0.040161	-1203.958034
29	0.041712	-992.086926
30	0.043449	-810.917520
31	0.045522	-691.778412
32	0.047842	-641.421113
33	0.050237	-630.095937
34	0.052643	-425.542553
35	0.055065	-483.037981
36	0.057503	-643.437098
37	0.059952	-780.622925
38	0.062412	-832.119853
39	0.064878	-881.205404
40	0.067347	-1051.378551
41	0.069826	-1265.003362
42	0.072314	-1388.554733
43	0.074809	-1344.707086
44	0.077311	-1402.076858
45	0.079821	-1638.862132
46	0.082339	-1741.228621
47	0.084859	-1672.420761
48	0.087381	-1700.838371
49	0.089910	-1867.521829
50	0.092445	-1925.148631
51	0.094986	-1842.122060
52	0.097532	-1819.448787
53	0.100085	-1870.146796
54	0.102643	-1911.614431
55	0.105203	-1869.297886
56	0.107765	-1868.086472
57	0.110333	-1927.195560
58	0.112906	-1882.152355
59	0.115484	-1750.434475
60	0.118066	-1745.050229
61	0.120654	-1764.408418
62	0.123247	-1721.957314
63	0.125841	-1653.120110
64	0.128437	-1690.362099
65	0.131038	-1680.557759
66	0.133645	-1536.076429
67	0.136255	-1470.638029
68	0.138869	-1462.995268
69	0.141488	-1424.733490
70	0.144112	-1358.828577
71	0.146737	-1280.754795
72	0.149363	-1221.933625
73	0.151994	-1175.349498
74	0.154630	-1096.173162
75	0.157269	-1029.886438
76	0.159911	-1023.317276
77	0.162558	-1003.836784
78	0.165210	-942.816060
79	0.167862	-855.834281
80	0.170514	-834.877391
81	0.173171	-779.945808
82	0.175833	-631.455949
83	0.178498	-566.789651
84	0.181164	-561.084411
85	0.183835	-511.773415
86	0.186511	-400.477626
87	0.189187	-315.380835
88	0.191863	-296.184195
89	0.194543	-241.174777
90	0.197227	-117.380803
91	0.199913	-53.843388
92	0.202601	-42.927157
93	0.205292	14.006300
94	0.207988	110.788926
95	0.210683	187.372927
96	0.213379	236.345451
97	0.216077	270.827915
98	0.218780	337.519952
99	0.221480	400.981192
100	0.224178	441.153986
101	0.226879	499.845225
102	0.229583	575.434149
103	0.500201	-1791.103991
104	0.500156	-1869.681189
105	0.500111	-1894.618015
106	0.500067	-1827.708297
107	0.500022	-1853.434473
108	0.499978	-1777.980110
109	0.499933	-1657.722755
110	0.499889	-1727.681700
111	0.499844	-1761.695156
112	0.499800	-1562.464733
113	0.499756	-1385.401238
114	0.499712	-1492.401121
115	0.499667	-1554.746694
116	0.499623	-1440.401309
117	0.499579	-1386.194342
118	0.499535	-1491.812599
119	0.499492	-1491.770852
120	0.499448	-1399.951026
121	0.499404	-1380.354245
122	0.499360	-1625.491212
123	0.499316	-1835.553122
124	0.499273	-1870.260215
125	0.499229	-1837.746559
126	0.499186	-1205.805017
127	0.499142	-976.029200
128	0.499099	-2516.403457
129	0.499055	-3710.846953
130	0.499012	-3704.100028
131	0.498968	-3099.797991
132	0.232283	628.978740
133	0.235250	664.802013
134	0.238815	692.916959
135	0.243085	743.096399
136	0.247737	876.266681
137	0.252400	1017.634243
138	0.257069	1024.368968
139	0.261741	1023.856327
140	0.266418	1143.620780
141	0.271097	1281.462595
142	0.275776	1278.661928
143	0.280454	1269.621054
144	0.285129	1376.109101
145	0.289799	1506.378453
146	0.294462	1494.795253
147	0.299125	1440.512843
148	0.303786	1555.376694
149	0.308434	1697.247778
150	0.313077	1630.753831
151	0.317712	1578.355749
152	0.322328	1710.759198
153	0.326941	1792.639564
154	0.331551	1750.669918
155	0.336133	1687.203545
156	0.340708	1723.554188
157	0.345274	1895.727388
158	0.349803	1908.363582
159	0.354333	1767.971558
160	0.358862	1806.311585
161	0.363345	1873.974609
162	0.367826	1728.019355
163	0.372299	1658.305907
164	0.376719	1714.486427
165	0.381142	1727.276570
166	0.385564	1686.781003
167	0.389925	1550.218905
168	0.394285	1421.794188
169	0.398643	1513.704804
170	0.402931	1557.505175
171	0.407231	1385.004616
172	0.411540	1334.765046
173	0.415771	1270.915841
174	0.420012	1171.093076
175	0.424259	1302.040365
176	0.428421	1368.640460
177	0.432603	1051.664931
178	0.436805	1246.663213
179	0.440916	1450.510554
180	0.445061	1254.161623
181	0.449240	1424.588942
182	0.453336	1897.751684
183	0.457552	1610.356690
184	0.461887	1614.775372
185	0.466141	1912.508684
186	0.470410	1243.426758
187	0.474710	1059.443529
188	0.478763	844.308004
189	0.482239	361.501925
190	0.485112	-17.905695
191	0.487523	-435.582945
192	0.489545	-979.087316
193	0.491238	-1364.116140
194	0.492656	-706.174448
195	0.493841	-345.103574
196	0.494832	-444.175293
197	0.495660	-328.573044
198	0.496351	-808.365893
199	0.496929	-1158.959062
200	0.497411	-653.621354
201	0.497813	-761.246945
202	0.498149	-2471.434527
203	0.498429	-2642.818331
204	0.498663	-954.042951
205	0.498858	-1356.534785
206	0.042156	2371.102526
207	0.040340	2424.548210
208	0.038532	2594.201947
209	0.036730	2454.251046
210	0.034935	2236.094827
211	0.033167	2316.527975
212	0.031428	2346.633421
213	0.029696	2031.419715
214	0.027970	1775.236877
215	0.026251	1774.422867
216	0.024552	1853.303682
217	0.022874	1314.117795
218	0.021205	692.161316
219	0.019549	649.963470
220	0.017906	682.097590
221	0.016304	339.765235
222	0.014746	-59.704086
223	0.013209	-149.021999
224	0.011698	-128.786152
225	0.010216	-65.397226
226	0.008799	-184.318124
227	0.007452	-170.644984
228	0.006155	63.851929
229	0.004919	148.944685
230	0.003758	86.453456
231	0.002692	139.674113
232	0.001744	352.733942
233	0.000947	69.849034
234	0.000337	-315.149082
235	0.044330	2614.582303
236	0.046864	2707.677609
237	0.049407	2468.786464
238	0.051956	2435.147307
239	0.054525	2363.564830
240	0.057109	2119.418271
241	0.059694	1904.221046
242	0.062277	1915.294543
243	0.064851	1707.744602
244	0.067415	1339.261955
245	0.069975	1237.375203
246	0.072529	1249.511310
247	0.075082	1045.772272
248	0.077632	687.065630
249	0.080177	540.755740
250	0.082717	555.175956
251	0.085255	381.067634
252	0.087791	55.713739
253	0.090322	19.742178
254	0.092847	116.555002
255	0.095378	-12.688217
256	0.097914	-291.189185
257	0.100444	-257.975474
258	0.102966	-98.167184
259	0.105490	-280.972886
260	0.108015	-499.772058
261	0.110533	-310.771808
262	0.113048	-159.529105
263	0.115570	-226.834821
264	0.118098	-355.907930
265	0.120625	-119.573080
266	0.123150	202.191481
267	0.125677	115.044813
268	0.128206	-13.991431
269	0.130733	243.157817
270	0.133259	505.368046
271	0.135790	435.005915
272	0.138327	278.913044
273	0.140862	532.318625
274	0.143397	804.067676
275	0.145935	745.745801
276	0.148477	758.922444
277	0.151018	909.807434
278	0.153559	1126.965793
279	0.156106	1227.782223
280	0.158661	1119.014147
281	0.161215	1218.088153
282	0.163769	1453.043829
283	0.166328	1561.818565
284	0.168893	1653.781015
285	0.171458	1684.126276
286	0.174022	1742.140460
287	0.176594	1840.837426
288	0.179175	1832.855391
289	0.181755	1843.996636
290	0.184335	1969.974192
291	0.186922	2062.736972
292	0.189515	2065.049132
293	0.192108	2035.459157
294	0.194701	2031.329454
295	0.197302	2090.606600
296	0.199912	2135.727931
297	0.202522	2070.307274
298	0.205132	2009.661825
299	0.207748	2007.684596
300	0.210371	2075.523098
301	0.212994	2049.108598
302	0.215615	1932.408606
303	0.218242	1890.174663
304	0.220873	1886.932162
305	0.223502	1825.507052
306	0.226130	1730.132382
307	0.228756	1675.472484
308	0.231381	1663.419401
309	0.501633	-1395.001996
310	0.501583	-1339.268361
311	0.501532	-1803.528991
312	0.501482	-1883.562898
313	0.501432	-1724.022331
314	0.501382	-1790.468060
315	0.501332	-1804.229458
316	0.501282	-1512.514293
317	0.501232	-1276.079537
318	0.501182	-1211.246659
319	0.501132	-1148.297464
320	0.501083	-1244.567975
321	0.501033	-1433.242919
322	0.500983	-1406.524876
323	0.500934	-1291.110723
324	0.500884	-1412.415782
325	0.500835	-1645.547058
326	0.500786	-1623.470478
327	0.500736	-1537.712239
328	0.500687	-1655.222675
329	0.500638	-1780.491324
330	0.500589	-1715.133350
331	0.500540	-1652.225714
332	0.500491	-1739.714277
333	0.500442	-1808.891879
334	0.500393	-1751.157887
335	0.500345	-1680.398990
336	0.500296	-1766.990617
337	0.500247	-1825.578827
338	0.233999	1537.217615
339	0.236873	1405.319120
340	0.240342	1488.799849
341	0.244528	1524.543680
342	0.249220	1296.446102
343	0.254053	1026.409005
344	0.258903	1027.056272
345	0.263765	1038.635613
346	0.268638	832.059814
347	0.273515	633.691208
348	0.278398	627.235681
349	0.283284	625.438829
350	0.288175	402.665405
351	0.293064	170.603201
352	0.297950	168.699267
353	0.302834	154.296185
354	0.307716	-58.569157
355	0.312588	-263.771345
356	0.317450	-255.686015
357	0.322302	-210.222059
358	0.327145	-400.328030
359	0.331971	-614.831964
360	0.336780	-571.923891
361	0.341571	-523.513555
362	0.346345	-738.882496
363	0.351094	-897.328166
364	0.355818	-811.625115
365	0.360518	-775.343527
366	0.365194	-963.553513
367	0.369839	-1135.690102
368	0.374454	-1065.988703
369	0.379039	-988.562708
370	0.383598	-1099.142196
371	0.388121	-1255.846656
372	0.392610	-1255.161027
373	0.397067	-1186.942081
374	0.401494	-1238.289959
375	0.405882	-1265.071721
376	0.410234	-1196.837569
377	0.414552	-1153.253116
378	0.418840	-1099.406974
379	0.423088	-1047.300389
380	0.427299	-949.004395
381	0.431478	-853.085252
382	0.435629	-752.924471
383	0.439741	-604.027736
384	0.443819	-549.857189
385	0.447867	-532.923672
386	0.451892	-386.067481
387	0.455880	-177.939227
388	0.459839	-576.405721
389	0.463777	-923.676740
390	0.467691	-771.965414
391	0.471544	-699.274769
392	0.475322	-1306.851910
393	0.479095	-1905.755208
394	0.482623	-2474.516682
395	0.485680	-2946.717412
396	0.488340	-1773.185399
397	0.490661	-739.413601
398	0.492609	-936.441670
399	0.494240	-1079.078163
400	0.495605	-579.891317
401	0.496746	33.749901
402	0.497699	57.965798
403	0.498496	-40.090230
404	0.499161	-310.845209
405	0.499717	-542.097903
406	0.500181	-1291.170118
407	0.500568	-1860.698491
408	0.500891	-1129.140072
409	0.501160	-795.283443
410	0.501385	-1031.615269
411	0.501573	-1416.919053
