0	0.000063	0.000000	-0.001173	-271.682832
1	0.000105	0.010000	-0.001266	-259.133806
2	-0.000178	0.000000	-0.002956	32.278108
3	-0.000125	0.010000	-0.002984	-14.161210
4	-0.000210	0.000000	-0.004745	-665.256042
5	-0.000143	0.010000	-0.004711	437.013433
6	0.000130	0.000000	-0.006462	-1091.245288
7	0.000214	0.010000	-0.006367	-219.232258
8	0.001128	0.000000	-0.007796	-1165.299181
9	0.001237	0.010000	-0.007636	-885.413227
10	0.002453	0.000000	-0.008763	-1668.432445
11	0.002595	0.010000	-0.008529	-857.400928
12	0.003927	0.000000	-0.009489	-1855.510042
13	0.004109	0.010000	-0.009170	-2230.783566
14	0.005476	0.000000	-0.010055	-1763.661191
15	0.005707	0.010000	-0.009639	-2156.682216
16	0.007069	0.000000	-0.010507	-1277.229729
17	0.007231	0.010000	-0.010204	-2629.792289
18	0.008689	0.000000	-0.010873	-1335.694780
19	0.008790	0.010000	-0.010672	-2764.006183
20	0.010330	0.000000	-0.011170	-1501.216248
21	0.010376	0.010000	-0.011065	-2856.349615
22	0.011986	0.000000	-0.011407	-1523.235674
23	0.011980	0.010000	-0.011396	-2861.776898
24	0.013654	0.000000	-0.011590	-1662.327790
25	0.013599	0.010000	-0.011677	-2718.163279
26	0.015333	0.000000	-0.011725	-1596.347711
27	0.015230	0.010000	-0.011914	-2703.823990
28	0.016949	0.000000	-0.012026	-1468.352505
29	0.016869	0.010000	-0.012114	-1749.449597
30	0.018572	0.000000	-0.012284	-1509.918586
31	0.018515	0.010000	-0.012277	-1911.468766
32	0.020202	0.000000	-0.012499	-1910.434466
33	0.020168	0.010000	-0.012404	-1921.288034
34	0.021837	0.000000	-0.012673	-2134.841549
35	0.021827	0.010000	-0.012493	-2080.686498
36	0.023477	0.000000	-0.012807	-1396.207351
37	0.023492	0.010000	-0.012541	-917.603543
38	0.025118	0.000000	-0.012902	-1592.786402
39	0.025161	0.010000	-0.012545	-1170.209586
40	0.026762	0.000000	-0.012958	-1803.657705
41	0.026739	0.010000	-0.012453	-1037.227770
42	0.028408	0.000000	-0.012977	-1947.892237
43	0.028320	0.010000	-0.012308	-1217.834751
44	0.030057	0.000000	-0.012961	-1455.034554
45	0.029901	0.010000	-0.012101	-577.808794
46	0.031709	0.000000	-0.012909	-1527.156503
47	0.031480	0.010000	-0.011826	-814.505433
48	0.033364	0.000000	-0.012825	-1223.877452
49	0.033055	0.010000	-0.011476	-564.317494
50	0.035024	0.000000	-0.012708	-2543.357818
51	0.034625	0.010000	-0.011046	-860.352445
52	0.036511	0.000000	-0.011914	-1735.299438
53	0.036189	0.010000	-0.010534	-1049.452392
54	0.038002	-0.000000	-0.011094	-1820.027226
55	0.037748	0.010000	-0.009946	-1180.305458
56	0.039497	-0.000000	-0.010255	-1382.522146
57	0.039301	0.010000	-0.009295	-1013.533315
58	0.040996	-0.000000	-0.009400	-1281.569533
59	0.040851	0.010000	-0.008589	-1138.207141
60	0.042549	-0.000000	-0.008498	-658.598986
61	0.042453	0.010000	-0.007809	-889.972044
62	0.044417	-0.000000	-0.007395	-684.457271
63	0.044377	0.010000	-0.006817	-1010.641777
64	0.046665	-0.000000	-0.006039	-554.790648
65	0.046628	0.010000	-0.005692	-517.223951
66	0.049053	-0.000000	-0.004565	-827.514606
67	0.049021	0.010000	-0.004445	-666.155246
68	0.051450	-0.000000	-0.003049	-517.488354
69	0.051425	0.010000	-0.003160	-509.225544
70	0.053856	-0.000000	-0.001489	-239.085211
71	0.053843	0.010000	-0.001857	-436.371102
72	0.056289	-0.000000	-0.000378	-719.413213
73	0.056274	0.010000	-0.000544	-537.282397
74	0.058731	-0.000000	0.000771	-749.152435
75	0.058718	0.010000	0.000782	-567.900347
76	0.061184	-0.000000	0.001951	-1073.150023
77	0.061176	0.010000	0.002129	-732.288896
78	0.063645	-0.000000	0.003153	-1000.484333
79	0.063646	0.010000	0.003506	-522.556160
80	0.066114	-0.000000	0.004373	-1184.251638
81	0.066106	0.010000	0.004555	-817.529485
82	0.068591	-0.000000	0.005615	-1312.485805
83	0.068577	0.010000	0.005638	-891.247276
84	0.071076	-0.000000	0.006886	-1597.889992
85	0.071059	0.010000	0.006748	-1258.390374
86	0.073569	-0.000000	0.008194	-1561.463536
87	0.073550	0.010000	0.007880	-1136.475030
88	0.076066	-0.000000	0.009176	-1514.201366
89	0.076050	0.010000	0.009029	-1166.688414
90	0.078570	-0.000000	0.010194	-1674.928072
91	0.078558	0.010000	0.010199	-1252.489580
92	0.081081	-0.000000	0.011243	-1994.925778
93	0.081075	0.010000	0.011398	-1633.105099
94	0.083597	-0.000000	0.012314	-1865.364175
95	0.083601	0.010000	0.012632	-1471.519431
96	0.086120	-0.000000	0.013404	-1723.369487
97	0.086116	0.010000	0.013561	-1629.429952
98	0.088649	-0.000000	0.014516	-1760.342733
99	0.088638	0.010000	0.014526	-1690.211310
100	0.091183	-0.000000	0.015656	-2133.299534
101	0.091169	0.010000	0.015520	-1886.233739
102	0.093724	-0.000000	0.016831	-1875.935234
103	0.093706	0.010000	0.016536	-1805.126019
104	0.096265	-0.000000	0.017715	-1975.835895
105	0.096251	0.010000	0.017570	-1711.591092
106	0.098811	-0.000000	0.018632	-1844.295847
107	0.098802	0.010000	0.018625	-1746.072312
108	0.101364	-0.000000	0.019577	-1977.948134
109	0.101361	0.010000	0.019707	-1912.270893
110	0.103922	-0.000000	0.020542	-1986.309949
111	0.103926	0.010000	0.020822	-1769.928749
112	0.106484	-0.000000	0.021522	-1852.305987
113	0.106481	0.010000	0.021658	-1868.646859
114	0.109051	-0.000000	0.022521	-1844.413036
115	0.109043	0.010000	0.022526	-1906.980006
116	0.111624	-0.000000	0.023544	-2022.946919
117	0.111612	0.010000	0.023419	-1934.442280
118	0.114202	-0.000000	0.024596	-1713.588240
119	0.114186	0.010000	0.024332	-1857.631981
120	0.116780	-0.000000	0.025392	-1721.381709
121	0.116767	0.010000	0.025260	-1709.135971
122	0.119362	-0.000000	0.026216	-1835.999963
123	0.119354	0.010000	0.026205	-1713.683272
124	0.121950	-0.000000	0.027062	-1764.110931
125	0.121948	0.010000	0.027172	-1743.839508
126	0.124542	-0.000000	0.027924	-1786.198568
127	0.124547	0.010000	0.028166	-1593.680248
128	0.127139	-0.000000	0.028798	-1520.237600
129	0.127137	0.010000	0.028913	-1712.364025
130	0.129740	-0.000000	0.029686	-1771.194616
131	0.129733	0.010000	0.029686	-1757.652155
132	0.132346	-0.000000	0.030592	-1594.052430
133	0.132334	0.010000	0.030479	-1599.331835
134	0.134957	-0.000000	0.031522	-1434.576524
135	0.134942	0.010000	0.031287	-1516.344927
136	0.137566	-0.000000	0.032227	-1499.499097
137	0.137555	0.010000	0.032107	-1432.131569
138	0.140180	-0.000000	0.032955	-1474.365511
139	0.140173	0.010000	0.032940	-1445.984897
140	0.142799	-0.000000	0.033701	-1466.420963
141	0.142798	0.010000	0.033790	-1312.162589
142	0.145422	-0.000000	0.034457	-1403.014602
143	0.145428	0.010000	0.034661	-1253.716154
144	0.148049	-0.000000	0.035222	-1200.804309
145	0.148048	0.010000	0.035317	-1265.484117
146	0.150681	-0.000000	0.035997	-1138.053696
147	0.150673	0.010000	0.035994	-1283.392377
148	0.153317	-0.000000	0.036787	-1121.633424
149	0.153304	0.010000	0.036686	-1158.318497
150	0.155958	-0.000000	0.037593	-1013.808947
151	0.155941	0.010000	0.037389	-1090.931781
152	0.158595	-0.000000	0.038207	-1010.946914
153	0.158583	0.010000	0.038100	-1003.858112
154	0.161236	-0.000000	0.038837	-1080.169277
155	0.161230	0.010000	0.038820	-998.294802
156	0.163882	-0.000000	0.039480	-1014.082020
157	0.163883	0.010000	0.039553	-922.801036
158	0.166533	-0.000000	0.040130	-1055.083681
159	0.166541	0.010000	0.040301	-779.297505
160	0.169187	-0.000000	0.040785	-759.020021
161	0.169187	0.010000	0.040864	-829.935916
162	0.171845	-0.000000	0.041445	-877.895864
163	0.171838	0.010000	0.041441	-872.657762
164	0.174507	-0.000000	0.042114	-691.227281
165	0.174495	0.010000	0.042030	-678.002326
166	0.177175	-0.000000	0.042795	-555.480824
167	0.177157	0.010000	0.042625	-601.113365
168	0.179836	-0.000000	0.043313	-558.771668
169	0.179824	0.010000	0.043223	-551.792749
170	0.182501	-0.000000	0.043842	-608.245200
171	0.182496	0.010000	0.043826	-525.528028
172	0.185171	-0.000000	0.044379	-538.545753
173	0.185173	0.010000	0.044436	-374.774678
174	0.187845	-0.000000	0.044918	-406.681509
175	0.187855	0.010000	0.045056	-281.908565
176	0.190523	-0.000000	0.045458	-279.765144
177	0.190525	0.010000	0.045523	-293.168123
178	0.193204	-0.000000	0.045998	-308.953214
179	0.193199	0.010000	0.045999	-302.850300
180	0.195890	-0.000000	0.046542	-200.756300
181	0.195878	0.010000	0.046481	-152.139294
182	0.198579	-0.000000	0.047092	-35.820681
183	0.198562	0.010000	0.046963	-80.806938
184	0.201261	-0.000000	0.047513	-120.807461
185	0.201250	0.010000	0.047445	22.061527
186	0.203948	-0.000000	0.047939	-90.661608
187	0.203943	0.010000	0.047926	17.698914
188	0.206638	-0.000000	0.048366	51.472760
189	0.206640	0.010000	0.048407	77.515131
190	0.209332	-0.000000	0.048792	108.860328
191	0.209342	0.010000	0.048891	205.307484
192	0.212028	-0.000000	0.049215	192.235113
193	0.212032	0.010000	0.049267	243.088783
194	0.214728	-0.000000	0.049634	263.714820
195	0.214726	0.010000	0.049643	246.343089
196	0.217432	-0.000000	0.050050	261.906294
197	0.217424	0.010000	0.050018	311.347456
198	0.220138	-0.000000	0.050465	381.864127
199	0.220125	0.010000	0.050388	394.961932
200	0.222828	-0.000000	0.050772	391.850395
201	0.222829	0.010000	0.050751	435.248313
202	0.225520	-0.000000	0.051075	451.845769
203	0.225537	0.010000	0.051107	485.671469
204	0.228213	-0.000000	0.051371	475.819809
205	0.228248	0.010000	0.051458	586.043855
206	0.230907	-0.000000	0.051655	552.293877
207	0.230964	0.010000	0.051805	687.579057
208	0.500000	0.010000	-0.000000	-1885.423795
209	0.500446	0.000000	0.001474	-1672.824392
210	0.499957	0.010000	-0.000295	-1797.853089
211	0.500399	0.000000	0.001162	-1808.314688
212	0.499915	0.010000	-0.000591	-1919.691001
213	0.500353	0.000000	0.000850	-1952.865978
214	0.499872	0.010000	-0.000886	-1915.164664
215	0.500306	0.000000	0.000539	-1790.750419
216	0.499829	0.010000	-0.001180	-1909.347864
217	0.500259	0.000000	0.000229	-1695.570239
218	0.499787	0.010000	-0.001475	-1862.513428
219	0.500213	0.000000	-0.000082	-1946.306359
220	0.499744	0.010000	-0.001769	-1772.667979
221	0.500167	0.000000	-0.000391	-1530.432674
222	0.499701	0.010000	-0.002064	-1871.940187
223	0.500120	0.000000	-0.000701	-1455.850181
224	0.499659	0.010000	-0.002358	-1826.517788
225	0.500074	0.000000	-0.001010	-1756.418646
226	0.499616	0.010000	-0.002651	-1797.203504
227	0.500028	0.000000	-0.001318	-1666.640684
228	0.499574	0.010000	-0.002945	-1442.161560
229	0.499982	0.000000	-0.001626	-1343.853185
230	0.499532	0.010000	-0.003238	-1395.470091
231	0.499936	0.000000	-0.001934	-1360.120115
232	0.499489	0.010000	-0.003532	-1500.705688
233	0.499890	0.000000	-0.002241	-1713.308588
234	0.499447	0.010000	-0.003825	-1394.231653
235	0.499844	0.000000	-0.002548	-1610.740845
236	0.499405	0.010000	-0.004117	-1261.978491
237	0.499798	0.000000	-0.002854	-1494.654247
238	0.499362	0.010000	-0.004410	-1375.587559
239	0.499752	0.000000	-0.003160	-1412.557070
240	0.499320	0.010000	-0.004702	-1493.340364
241	0.499707	0.000000	-0.003466	-1685.765402
242	0.499278	0.010000	-0.004995	-1324.436096
243	0.499661	0.000000	-0.003771	-1463.541544
244	0.499236	0.010000	-0.005287	-1419.201474
245	0.499616	0.000000	-0.004076	-1392.624988
246	0.499193	0.010000	-0.005578	-1227.687831
247	0.499571	0.000000	-0.004380	-1481.902689
248	0.499151	0.010000	-0.005870	-1496.361990
249	0.499525	0.000000	-0.004684	-2296.012340
250	0.499109	0.010000	-0.006161	-1580.959958
251	0.499480	0.000000	-0.004987	-1968.878201
252	0.499067	0.010000	-0.006453	-1834.947025
253	0.499435	0.000000	-0.005291	-2096.255674
254	0.499025	0.010000	-0.006744	-1651.758833
255	0.499390	0.000000	-0.005593	-1768.024703
256	0.498983	0.010000	-0.007034	-487.794476
257	0.499345	0.000000	-0.005895	-915.642054
258	0.498941	0.010000	-0.007325	-1013.708827
259	0.499300	0.000000	-0.006197	-1486.971444
260	0.498899	0.010000	-0.007615	-3125.385134
261	0.499255	0.000000	-0.006499	-4439.548421
262	0.498857	0.010000	-0.007906	-3156.303194
263	0.499210	0.000000	-0.006800	-4122.151061
264	0.498815	0.010000	-0.008196	-3816.287203
265	0.499165	0.000000	-0.007101	-3721.658652
266	0.498773	0.010000	-0.008485	-2658.710443
267	0.499121	0.000000	-0.007401	-2202.535664
268	0.042932	0.010000	0.029182	2294.649577
269	0.043198	0.000000	0.029426	2586.143602
270	0.045502	0.010000	0.030135	2595.493574
271	0.045687	0.000000	0.030217	2982.042458
272	0.048074	0.010000	0.031046	2323.309301
273	0.048193	0.000000	0.030974	2929.865102
274	0.050650	0.010000	0.031925	2371.535652
275	0.050711	0.000000	0.031692	2250.435801
276	0.053230	0.010000	0.032781	2533.656370
277	0.053235	0.000000	0.032367	2584.961405
278	0.055813	0.010000	0.033617	1722.517708
279	0.055821	0.000000	0.033410	2613.123838
280	0.058398	0.010000	0.034431	1742.920730
281	0.058406	0.000000	0.034414	2399.110808
282	0.060985	0.010000	0.035213	1561.919344
283	0.060987	0.000000	0.035386	1912.933302
284	0.063570	0.010000	0.035957	1919.257381
285	0.063564	0.000000	0.036334	2267.068144
286	0.066134	0.010000	0.037079	1135.438330
287	0.066135	0.000000	0.037263	1509.214553
288	0.068694	0.010000	0.038162	1076.368773
289	0.068699	0.000000	0.038166	1636.026165
290	0.071251	0.010000	0.039210	1185.510580
291	0.071256	0.000000	0.039037	1051.595295
292	0.073804	0.010000	0.040230	1342.088782
293	0.073807	0.000000	0.039867	1418.850584
294	0.076353	0.010000	0.041227	769.999225
295	0.076364	0.000000	0.041052	652.150499
296	0.078898	0.010000	0.042195	755.346414
297	0.078914	0.000000	0.042194	570.766382
298	0.081438	0.010000	0.043125	423.039250
299	0.081459	0.000000	0.043298	413.870914
300	0.083973	0.010000	0.044010	781.559049
301	0.083998	0.000000	0.044370	602.234610
302	0.086517	0.010000	0.045242	98.199262
303	0.086531	0.000000	0.045414	42.277615
304	0.089056	0.010000	0.046427	-13.503763
305	0.089059	0.000000	0.046424	95.881841
306	0.091592	0.010000	0.047571	34.141157
307	0.091579	0.000000	0.047391	-37.550521
308	0.094123	0.010000	0.048679	215.446177
309	0.094093	0.000000	0.048306	254.183195
310	0.096651	0.010000	0.049753	-229.855248
311	0.096644	0.000000	0.049566	-290.526993
312	0.099174	0.010000	0.050788	-312.991653
313	0.099188	0.000000	0.050769	-331.382847
314	0.101690	0.010000	0.051774	-219.499168
315	0.101724	0.000000	0.051919	-168.028229
316	0.104199	0.010000	0.052700	29.101965
317	0.104253	0.000000	0.053019	-34.243302
318	0.106737	0.010000	0.053889	-435.114477
319	0.106774	0.000000	0.054071	-683.635730
320	0.109264	0.010000	0.055011	-351.721592
321	0.109285	0.000000	0.055070	-528.616432
322	0.111788	0.010000	0.056098	-90.127661
323	0.111793	0.000000	0.056039	-272.621548
324	0.114312	0.010000	0.057166	-53.323757
325	0.114300	0.000000	0.056984	-222.043452
326	0.116835	0.010000	0.058215	-236.887878
327	0.116834	0.000000	0.058131	-395.084197
328	0.119358	0.010000	0.059242	-263.586294
329	0.119366	0.000000	0.059247	-528.073350
330	0.121881	0.010000	0.060244	214.497472
331	0.121895	0.000000	0.060337	98.869850
332	0.124402	0.010000	0.061214	361.208884
333	0.124423	0.000000	0.061401	134.189716
334	0.126935	0.010000	0.062349	132.053125
335	0.126949	0.000000	0.062442	-167.272474
336	0.129467	0.010000	0.063452	113.041957
337	0.129473	0.000000	0.063456	-133.788330
338	0.131998	0.010000	0.064527	698.986133
339	0.131994	0.000000	0.064441	294.391507
340	0.134529	0.010000	0.065576	639.089536
341	0.134514	0.000000	0.065393	389.005008
342	0.137060	0.010000	0.066603	497.379705
343	0.137057	0.000000	0.066514	214.549412
344	0.139591	0.010000	0.067606	191.001883
345	0.139598	0.000000	0.067602	212.721175
346	0.142121	0.010000	0.068580	1068.296071
347	0.142138	0.000000	0.068659	657.255370
348	0.144651	0.010000	0.069521	887.208620
349	0.144676	0.000000	0.069689	603.510643
350	0.147198	0.010000	0.070608	948.382678
351	0.147214	0.000000	0.070694	543.881262
352	0.149745	0.010000	0.071663	1004.611713
353	0.149750	0.000000	0.071672	538.814124
354	0.152292	0.010000	0.072688	1246.097307
355	0.152285	0.000000	0.072621	849.706594
356	0.154839	0.010000	0.073687	1493.532643
357	0.154819	0.000000	0.073537	918.526626
358	0.157386	0.010000	0.074663	1479.435805
359	0.157381	0.000000	0.074590	1019.633818
360	0.159935	0.010000	0.075613	1112.491370
361	0.159941	0.000000	0.075611	864.495593
362	0.162483	0.010000	0.076535	1569.836855
363	0.162501	0.000000	0.076601	1325.528792
364	0.165031	0.010000	0.077427	1690.382718
365	0.165060	0.000000	0.077564	1226.426951
366	0.167602	0.010000	0.078430	2033.474687
367	0.167619	0.000000	0.078502	1296.989904
368	0.170173	0.010000	0.079401	1995.343602
369	0.170178	0.000000	0.079414	1289.315869
370	0.172744	0.010000	0.080345	1987.875208
371	0.172736	0.000000	0.080297	1463.970426
372	0.175315	0.010000	0.081263	2013.524310
373	0.175293	0.000000	0.081150	1503.191898
374	0.177888	0.010000	0.082156	2153.513717
375	0.177881	0.000000	0.082103	1693.119779
376	0.180462	0.010000	0.083026	1947.354529
377	0.180468	0.000000	0.083025	1537.433538
378	0.183036	0.010000	0.083868	2090.113900
379	0.183054	0.000000	0.083919	1801.084577
380	0.185611	0.010000	0.084681	2258.769843
381	0.185640	0.000000	0.084787	1729.928449
382	0.188210	0.010000	0.085573	2301.872700
383	0.188227	0.000000	0.085631	1960.376896
384	0.190809	0.010000	0.086436	2108.495322
385	0.190813	0.000000	0.086450	1889.451611
386	0.193409	0.010000	0.087272	2113.475483
387	0.193399	0.000000	0.087242	2030.414210
388	0.196010	0.010000	0.088083	2018.823443
389	0.195985	0.000000	0.088008	1962.604679
390	0.198612	0.010000	0.088870	2244.468324
391	0.198602	0.000000	0.088835	2136.529952
392	0.201215	0.010000	0.089634	2100.978590
393	0.201219	0.000000	0.089634	2060.934855
394	0.203819	0.010000	0.090373	2026.279108
395	0.203835	0.000000	0.090409	2093.036543
396	0.206422	0.010000	0.091085	1934.112265
397	0.206451	0.000000	0.091161	1985.219383
398	0.209052	0.010000	0.091856	1966.060309
399	0.209067	0.000000	0.091891	2145.346427
400	0.211681	0.010000	0.092601	1968.507300
401	0.211684	0.000000	0.092598	2222.178355
402	0.214310	0.010000	0.093319	1882.606523
403	0.214299	0.000000	0.093280	2123.142214
404	0.216939	0.010000	0.094011	1732.966985
405	0.216913	0.000000	0.093936	1990.918702
406	0.219568	0.010000	0.094679	1766.041289
407	0.219546	0.000000	0.094581	2070.771678
408	0.222198	0.010000	0.095325	1695.579377
409	0.222177	0.000000	0.095196	2015.336303
410	0.224827	0.010000	0.095947	1639.852966
411	0.224806	0.000000	0.095778	1951.259561
412	0.227456	0.010000	0.096550	1498.820424
413	0.227431	0.000000	0.096324	1830.596578
414	0.230085	0.010000	0.097047	1542.295638
415	0.230054	0.000000	0.096836	1830.177297
416	0.232714	0.010000	0.097529	1512.633647
417	0.232674	0.000000	0.097313	1768.571023
418	0.041344	0.000000	0.028812	2405.081954
419	0.041148	0.010000	0.028645	2198.534970
420	0.039501	0.000000	0.028180	2686.452053
421	0.039368	0.010000	0.028079	2408.123863
422	0.037667	0.000000	0.027526	2814.651079
423	0.037591	0.010000	0.027485	2467.580794
424	0.035840	0.000000	0.026848	2313.925526
425	0.035821	0.010000	0.026861	2220.846785
426	0.034020	0.000000	0.026144	2283.402910
427	0.034057	0.010000	0.026207	2126.204085
428	0.032291	0.000000	0.025481	2345.968835
429	0.032301	0.010000	0.025524	2510.536068
430	0.030567	0.000000	0.024788	2322.292182
431	0.030553	0.010000	0.024810	2207.736598
432	0.028849	0.000000	0.024064	1628.092265
433	0.028813	0.010000	0.024064	1967.557814
434	0.027137	0.000000	0.023308	1544.598139
435	0.027080	0.010000	0.023284	1960.699291
436	0.025432	0.000000	0.022520	1533.460601
437	0.025354	0.010000	0.022469	2058.933435
438	0.023735	0.000000	0.021698	1686.466150
439	0.023685	0.010000	0.021676	2134.354544
440	0.022048	0.000000	0.020842	670.807782
441	0.022026	0.010000	0.020845	764.842705
442	0.020369	0.000000	0.019948	541.768109
443	0.020379	0.010000	0.019975	791.226668
444	0.018702	0.000000	0.019014	430.252051
445	0.018745	0.010000	0.019064	836.607051
446	0.017047	0.000000	0.018039	541.504994
447	0.017129	0.010000	0.018112	920.026266
448	0.015508	0.000000	0.017085	79.147021
449	0.015532	0.010000	0.017114	-181.617340
450	0.013987	0.000000	0.016084	-33.986752
451	0.013956	0.010000	0.016068	-102.359272
452	0.012490	0.000000	0.015034	-122.161451
453	0.012404	0.010000	0.014969	-337.580520
454	0.011021	0.000000	0.013931	59.613273
455	0.010877	0.010000	0.013812	-115.015909
456	0.009587	0.000000	0.012771	-34.261970
457	0.009380	0.010000	0.012590	-171.924299
458	0.008195	0.000000	0.011550	-123.278406
459	0.008033	0.010000	0.011409	-407.807823
460	0.006851	0.000000	0.010261	-20.581432
461	0.006728	0.010000	0.010152	-130.912274
462	0.005566	0.000000	0.008897	239.649242
463	0.005474	0.010000	0.008810	167.252180
464	0.004350	0.000000	0.007451	186.960556
465	0.004285	0.010000	0.007379	1.916763
466	0.003220	0.000000	0.005913	174.543177
467	0.003178	0.010000	0.005850	-17.606671
468	0.002195	0.000000	0.004280	326.206209
469	0.002175	0.010000	0.004220	75.553735
470	0.001304	0.000000	0.002550	634.769610
471	0.001304	0.010000	0.002485	374.406213
472	0.000580	0.000000	0.000727	-29.906857
473	0.000600	0.010000	0.000651	-699.872832
474	0.501473	0.010000	0.009539	-1625.019186
475	0.501843	0.000000	0.010695	-1833.137687
476	0.501422	0.010000	0.009208	-1140.584610
477	0.501794	0.000000	0.010372	-981.266502
478	0.501370	0.010000	0.008876	-1549.427653
479	0.501745	0.000000	0.010049	-1685.794677
480	0.501319	0.010000	0.008545	-1878.620333
481	0.501695	0.000000	0.009727	-2100.273303
482	0.501268	0.010000	0.008214	-1616.333952
483	0.501646	0.000000	0.009405	-1939.024006
484	0.501216	0.010000	0.007884	-1561.487142
485	0.501597	0.000000	0.009083	-1779.244223
486	0.501165	0.010000	0.007553	-1801.567754
487	0.501548	0.000000	0.008762	-2019.573121
488	0.501114	0.010000	0.007223	-1531.057964
489	0.501499	0.000000	0.008441	-1864.718993
490	0.501063	0.010000	0.006892	-1231.535139
491	0.501451	0.000000	0.008120	-1422.745075
492	0.501012	0.010000	0.006562	-1211.013597
493	0.501402	0.000000	0.007800	-1239.024336
494	0.500961	0.010000	0.006233	-1202.577046
495	0.501353	0.000000	0.007480	-1192.371656
496	0.500910	0.010000	0.005903	-1096.786257
497	0.501305	0.000000	0.007160	-1101.454895
498	0.500859	0.010000	0.005573	-1304.583470
499	0.501256	0.000000	0.006841	-1475.447276
500	0.500808	0.010000	0.005244	-1382.115120
501	0.501208	0.000000	0.006522	-1570.825810
502	0.500757	0.010000	0.004915	-1255.731717
503	0.501160	0.000000	0.006204	-1417.426855
504	0.500706	0.010000	0.004586	-1210.102277
505	0.501112	0.000000	0.005886	-1281.182042
506	0.500656	0.010000	0.004257	-1577.583351
507	0.501064	0.000000	0.005568	-1580.795458
508	0.500605	0.010000	0.003928	-1596.003444
509	0.501016	0.000000	0.005251	-1827.805981
510	0.500554	0.010000	0.003600	-1484.517557
511	0.500968	0.000000	0.004934	-1585.554930
512	0.500504	0.010000	0.003272	-1514.265798
513	0.500920	0.000000	0.004617	-1566.510672
514	0.500453	0.010000	0.002944	-1830.074602
515	0.500872	0.000000	0.004301	-1710.039629
516	0.500403	0.010000	0.002616	-1790.991636
517	0.500824	0.000000	0.003985	-1790.859431
518	0.500352	0.010000	0.002288	-1657.242638
519	0.500777	0.000000	0.003670	-1621.439694
520	0.500302	0.010000	0.001961	-1759.519872
521	0.500729	0.000000	0.003355	-1570.700651
522	0.500251	0.010000	0.001634	-1975.205412
523	0.500682	0.000000	0.003040	-1653.431171
524	0.500201	0.010000	0.001306	-1898.793074
525	0.500635	0.000000	0.002726	-1708.137858
526	0.500151	0.010000	0.000980	-1787.425095
527	0.500587	0.000000	0.002413	-1610.275520
528	0.500100	0.010000	0.000653	-1798.187456
529	0.500540	0.000000	0.002099	-1525.707892
530	0.500050	0.010000	0.000326	-1940.165421
531	0.500493	0.000000	0.001786	-1803.901699
532	0.233609	-0.000000	0.051927	633.560095
533	0.233652	0.010000	0.052031	642.481930
534	0.236851	-0.000000	0.052235	701.907883
535	0.236886	0.010000	0.052297	681.258142
536	0.240745	-0.000000	0.052583	682.150965
537	0.240778	0.010000	0.052606	706.350846
538	0.245399	-0.000000	0.052923	777.438946
539	0.245417	0.010000	0.052953	806.444838
540	0.250060	-0.000000	0.053229	987.775497
541	0.250072	0.010000	0.053274	933.407443
542	0.254729	-0.000000	0.053489	1079.187051
543	0.254740	0.010000	0.053564	1070.166980
544	0.259403	-0.000000	0.053693	963.803470
545	0.259403	0.010000	0.053723	984.318372
546	0.264081	-0.000000	0.053835	1072.533154
547	0.264075	0.010000	0.053834	1074.770312
548	0.268764	-0.000000	0.053915	1238.843092
549	0.268751	0.010000	0.053886	1188.336564
550	0.273442	0.000000	0.053898	1383.474676
551	0.273430	0.010000	0.053869	1315.196048
552	0.278121	0.000000	0.053809	1186.221313
553	0.278110	0.010000	0.053778	1229.755676
554	0.282797	0.000000	0.053646	1314.966936
555	0.282789	0.010000	0.053606	1347.540293
556	0.287469	0.000000	0.053401	1442.543558
557	0.287462	0.010000	0.053394	1399.385619
558	0.292133	0.000000	0.053065	1625.991880
559	0.292131	0.010000	0.053099	1557.592755
560	0.296787	0.000000	0.052629	1412.913612
561	0.296796	0.010000	0.052724	1382.682766
562	0.301462	0.000000	0.052267	1476.348530
563	0.301454	0.010000	0.052270	1490.106461
564	0.306125	0.000000	0.051801	1629.529036
565	0.306102	0.010000	0.051721	1625.522747
566	0.310773	0.000000	0.051237	1827.246100
567	0.310735	0.010000	0.051059	1706.693231
568	0.315408	0.000000	0.050579	1482.916312
569	0.315391	0.010000	0.050519	1506.159682
570	0.320022	0.000000	0.049808	1648.400389
571	0.320029	0.010000	0.049859	1675.946613
572	0.324611	0.000000	0.048900	1823.737797
573	0.324649	0.010000	0.049092	1694.951994
574	0.329254	0.000000	0.048198	1807.499995
575	0.329253	0.010000	0.048224	1844.368469
576	0.333867	0.000000	0.047352	1639.021870
577	0.333832	0.010000	0.047233	1711.789340
578	0.338453	0.000000	0.046381	1726.383777
579	0.338379	0.010000	0.046088	1671.619192
580	0.343012	0.000000	0.045294	1768.200944
581	0.342987	0.010000	0.045206	1728.012841
582	0.347537	0.000000	0.044064	2076.266667
583	0.347559	0.010000	0.044166	2010.429101
584	0.352017	0.000000	0.042657	1889.944259
585	0.352100	0.010000	0.042998	1656.814301
586	0.356603	0.000000	0.041648	1779.674525
587	0.356614	0.010000	0.041716	1745.453148
588	0.361141	0.000000	0.040457	1912.277605
589	0.361089	0.010000	0.040287	1787.841060
590	0.365638	0.000000	0.039116	2071.376756
591	0.365513	0.010000	0.038664	1724.403013
592	0.370097	0.000000	0.037643	1701.211556
593	0.370054	0.010000	0.037499	1415.086092
594	0.374507	0.000000	0.036000	1792.588312
595	0.374539	0.010000	0.036134	1724.337667
596	0.378853	0.000000	0.034137	1772.821206
597	0.378979	0.010000	0.034610	1568.198524
598	0.383358	0.000000	0.032855	1871.892995
599	0.383379	0.010000	0.032950	1696.193556
600	0.387796	0.000000	0.031344	1658.005509
601	0.387725	0.010000	0.031109	1521.031954
602	0.392177	0.000000	0.029653	1720.519484
603	0.392001	0.010000	0.029024	1301.318674
604	0.396510	0.000000	0.027809	1459.696741
605	0.396453	0.010000	0.027621	1205.641852
606	0.400779	0.000000	0.025757	1768.466364
607	0.400830	0.010000	0.025968	1621.014259
608	0.404963	0.000000	0.023424	1628.534401
609	0.405151	0.010000	0.024127	1212.005676
610	0.409385	0.000000	0.021976	1465.596394
611	0.409423	0.010000	0.022131	1233.881994
612	0.413721	0.000000	0.020238	1473.717702
613	0.413630	0.010000	0.019914	1165.864092
614	0.417988	0.000000	0.018280	1558.017404
615	0.417746	0.010000	0.017384	886.064164
616	0.422197	0.000000	0.016136	1191.350895
617	0.422116	0.010000	0.015874	1048.939839
618	0.426329	0.000000	0.013730	1589.720189
619	0.426394	0.010000	0.014039	1378.150536
620	0.430359	0.000000	0.010957	1462.010700
621	0.430600	0.010000	0.011961	1044.680415
622	0.434703	0.000000	0.009455	851.479577
623	0.434751	0.010000	0.009685	848.489033
624	0.438942	0.000000	0.007571	1415.385732
625	0.438825	0.010000	0.007125	1871.298512
626	0.443104	0.000000	0.005414	1417.432332
627	0.442795	0.010000	0.004162	1097.925638
628	0.447206	0.000000	0.003047	997.580625
629	0.447139	0.010000	0.002951	1503.707895
630	0.451225	0.000000	0.000350	1259.650098
631	0.451392	0.010000	0.001408	1937.417148
632	0.455125	0.000000	-0.002852	2701.709750
633	0.455604	0.010000	-0.000219	1692.229740
634	0.459668	0.000000	-0.002633	725.842029
635	0.459809	0.010000	-0.001777	1321.645243
636	0.464095	0.000000	-0.002893	2329.216434
637	0.463973	0.010000	-0.003461	2082.397782
638	0.468447	0.000000	-0.003415	2140.958258
639	0.468049	0.010000	-0.005531	1097.462262
640	0.472764	0.000000	-0.004013	1284.083082
641	0.472378	0.010000	-0.005584	451.203431
642	0.477066	0.000000	-0.004674	1562.908391
643	0.476632	0.010000	-0.006000	939.579213
644	0.480935	0.000000	-0.005316	885.271638
645	0.480417	0.010000	-0.006543	-10.527225
646	0.484035	0.000000	-0.005832	727.851556
647	0.483568	0.010000	-0.007018	-156.588268
648	0.486640	0.000000	-0.006230	-284.138586
649	0.486206	0.010000	-0.007385	-358.747484
650	0.488828	0.000000	-0.006529	-369.974993
651	0.488418	0.010000	-0.007661	-729.470717
652	0.490664	0.000000	-0.006752	-1180.520739
653	0.490269	0.010000	-0.007868	-1636.382816
654	0.492202	0.000000	-0.006918	-1157.248718
655	0.491818	0.010000	-0.008027	-1482.312287
656	0.493489	0.000000	-0.007041	-230.333658
657	0.493113	0.010000	-0.008148	45.196872
658	0.494566	0.000000	-0.007133	-816.403361
659	0.494195	0.010000	-0.008241	-378.874148
660	0.495467	0.000000	-0.007201	-1071.191150
661	0.495099	0.010000	-0.008310	489.767488
662	0.496219	0.000000	-0.007253	-1001.805947
663	0.495855	0.010000	-0.008362	268.937432
664	0.496847	0.000000	-0.007292	-1374.417060
665	0.496485	0.010000	-0.008400	-1126.177997
666	0.497371	0.000000	-0.007321	-1273.394507
667	0.497012	0.010000	-0.008427	-861.846682
668	0.497809	0.000000	-0.007344	-41.593940
669	0.497452	0.010000	-0.008447	-437.650287
670	0.498174	0.000000	-0.007361	-958.484502
671	0.497819	0.010000	-0.008461	-1607.259053
672	0.498478	0.000000	-0.007375	-3869.542186
673	0.498126	0.010000	-0.008470	-3450.452369
674	0.498732	0.000000	-0.007386	-1871.975189
675	0.498382	0.010000	-0.008477	-1379.303579
676	0.498944	0.000000	-0.007394	-565.191815
677	0.498595	0.010000	-0.008482	0.298780
678	0.235332	0.010000	0.097999	1310.707509
679	0.235278	0.000000	0.097758	1556.958283
680	0.238479	0.010000	0.098554	1220.349771
681	0.238401	0.000000	0.098255	1533.260917
682	0.242264	0.010000	0.099213	1478.807757
683	0.242224	0.000000	0.099015	1722.780950
684	0.246815	0.010000	0.099989	1361.840903
685	0.246809	0.000000	0.099865	1534.745108
686	0.251616	0.010000	0.100771	1058.933081
687	0.251642	0.000000	0.100692	1230.265315
688	0.256473	0.010000	0.101464	822.124107
689	0.256481	0.000000	0.101454	994.313518
690	0.261334	0.010000	0.102093	1099.431863
691	0.261324	0.000000	0.102156	1192.355599
692	0.266200	0.010000	0.102653	856.584470
693	0.266201	0.000000	0.102649	1006.170520
694	0.271069	0.010000	0.103150	699.807394
695	0.271080	0.000000	0.103081	765.676873
696	0.275953	0.010000	0.103441	514.116877
697	0.275959	0.000000	0.103449	555.163688
698	0.280839	0.010000	0.103678	705.126411
699	0.280840	0.000000	0.103764	734.535749
700	0.285728	0.010000	0.103861	512.971075
701	0.285731	0.000000	0.103858	549.122082
702	0.290621	0.010000	0.104002	201.478445
703	0.290621	0.000000	0.103904	347.090017
704	0.295503	0.010000	0.103884	2.106351
705	0.295510	0.000000	0.103898	131.737991
706	0.300387	0.010000	0.103731	274.481974
707	0.300400	0.000000	0.103856	266.470752
708	0.305274	0.010000	0.103539	42.244699
709	0.305275	0.000000	0.103534	33.987313
710	0.310164	0.010000	0.103325	-183.065940
711	0.310150	0.000000	0.103180	-127.442699
712	0.315014	0.010000	0.102773	-464.842785
713	0.315023	0.000000	0.102788	-279.733956
714	0.319866	0.010000	0.102205	-162.802431
715	0.319897	0.000000	0.102376	-115.364888
716	0.324722	0.010000	0.101617	-272.574683
717	0.324724	0.000000	0.101618	-290.146235
718	0.329583	0.010000	0.101026	-563.290093
719	0.329552	0.000000	0.100847	-475.301108
720	0.334369	0.010000	0.100039	-850.666119
721	0.334379	0.000000	0.100059	-570.070535
722	0.339160	0.010000	0.099057	-505.596913
723	0.339209	0.000000	0.099274	-361.361996
724	0.343955	0.010000	0.098076	-630.172555
725	0.343957	0.000000	0.098077	-596.922754
726	0.348759	0.010000	0.097117	-936.039676
727	0.348708	0.000000	0.096891	-792.394997
728	0.353449	0.010000	0.095689	-1087.721472
729	0.353459	0.000000	0.095707	-773.156520
730	0.358147	0.010000	0.094295	-784.944930
731	0.358216	0.000000	0.094552	-600.677538
732	0.362853	0.010000	0.092927	-870.849940
733	0.362854	0.000000	0.092925	-844.901699
734	0.367572	0.010000	0.091611	-1213.557587
735	0.367500	0.000000	0.091339	-924.904826
736	0.372138	0.010000	0.089758	-1445.309540
737	0.372149	0.000000	0.089781	-958.988455
738	0.376719	0.010000	0.087971	-1127.802134
739	0.376810	0.000000	0.088282	-731.854683
740	0.381313	0.010000	0.086241	-1038.778915
741	0.381316	0.000000	0.086244	-1055.815100
742	0.385927	0.010000	0.084597	-1261.099414
743	0.385836	0.000000	0.084280	-1040.875356
744	0.390354	0.010000	0.082351	-1726.328968
745	0.390366	0.000000	0.082378	-995.082887
746	0.394803	0.010000	0.080205	-1339.781020
747	0.394916	0.000000	0.080574	-959.451232
748	0.399272	0.010000	0.078150	-1290.028879
749	0.399276	0.000000	0.078158	-1158.507192
750	0.403770	0.010000	0.076225	-1286.415387
751	0.403658	0.000000	0.075851	-1218.208380
752	0.408044	0.010000	0.073607	-1412.313774
753	0.408056	0.000000	0.073638	-1143.349344
754	0.412351	0.010000	0.071134	-1319.154406
755	0.412483	0.000000	0.071566	-912.532753
756	0.416685	0.010000	0.068791	-1282.566534
757	0.416688	0.000000	0.068787	-1098.758773
758	0.421059	0.010000	0.066626	-1082.539253
759	0.420927	0.000000	0.066171	-933.763337
760	0.425174	0.010000	0.063640	-1289.027075
761	0.425191	0.000000	0.063696	-883.871893
762	0.429336	0.010000	0.060865	-1004.486375
763	0.429494	0.000000	0.061410	-618.632239
764	0.433539	0.010000	0.058284	-892.756816
765	0.433543	0.000000	0.058272	-896.465579
766	0.437795	0.010000	0.055949	-579.489269
767	0.437638	0.000000	0.055360	-642.986220
768	0.441757	0.010000	0.052606	-734.085051
769	0.441773	0.000000	0.052666	-459.550403
770	0.445778	0.010000	0.049540	-639.335990
771	0.445966	0.000000	0.050263	-366.457315
772	0.449856	0.010000	0.046756	-537.474112
773	0.449869	0.000000	0.046746	-588.427270
774	0.454013	0.010000	0.044368	-131.071673
775	0.453830	0.000000	0.043547	-287.296869
776	0.457834	0.010000	0.040668	-246.826864
777	0.457844	0.000000	0.040675	-46.561502
778	0.461737	0.010000	0.037392	-1175.296976
779	0.461940	0.000000	0.038287	-836.937542
780	0.465706	0.010000	0.034487	-827.537520
781	0.465725	0.000000	0.034482	-854.934922
782	0.469748	0.010000	0.032028	-551.902881
783	0.469586	0.000000	0.031178	-853.486334
784	0.473356	0.010000	0.027727	-824.120058
785	0.473485	0.000000	0.028201	-567.589802
786	0.477027	0.010000	0.023877	-1936.521536
787	0.477422	0.000000	0.025564	-1899.176244
788	0.480729	0.010000	0.020315	-1839.623839
789	0.481200	0.000000	0.021932	-1947.699214
790	0.483983	0.010000	0.017344	-3048.062194
791	0.484582	0.000000	0.019136	-3062.681482
792	0.486694	0.010000	0.014959	-2804.210258
793	0.487463	0.000000	0.017111	-2871.915713
794	0.489290	0.010000	0.013881	-657.722245
795	0.489914	0.000000	0.015639	-758.893380
796	0.491453	0.010000	0.013018	-719.801888
797	0.491989	0.000000	0.014547	-821.236891
798	0.493255	0.010000	0.012321	-1197.656028
799	0.493739	0.000000	0.013718	-1007.071875
800	0.494758	0.010000	0.011758	-1169.598675
801	0.495209	0.000000	0.013077	-941.986073
802	0.496012	0.010000	0.011301	-107.892861
803	0.496441	0.000000	0.012574	-100.087659
804	0.497058	0.010000	0.010930	125.324772
805	0.497473	0.000000	0.012175	217.655352
806	0.497931	0.010000	0.010630	-40.611423
807	0.498336	0.000000	0.011857	-70.505509
808	0.498660	0.010000	0.010387	-7.360183
809	0.499057	0.000000	0.011600	-41.883805
810	0.499268	0.010000	0.010191	-684.097020
811	0.499660	0.000000	0.011393	-510.039826
812	0.499776	0.010000	0.010032	-548.071823
813	0.500163	0.000000	0.011225	-426.182943
814	0.500200	0.010000	0.009903	-2203.401555
815	0.500583	0.000000	0.011088	-1987.024153
816	0.500554	0.010000	0.009798	-1716.348224
817	0.500934	0.000000	0.010976	-1536.020034
818	0.500850	0.010000	0.009713	-670.621881
819	0.501226	0.000000	0.010884	-593.570150
820	0.501096	0.010000	0.009643	-1124.205858
821	0.501470	0.000000	0.010809	-792.735881
822	0.501302	0.010000	0.009586	-1185.671887
823	0.501673	0.000000	0.010746	-1023.847451
